51|52.55	129|51	1.0
57|59	56|57	0.5
57|59	62|57.59	0.5
57|59	129|57	0.75
57|59	66|57	0.166666666667
57|59	56|57.59	0.333333333333
57|59	55|57	0.5
57|59	51|57	0.166666666667
57|59	59|57.59	0.5
57|59	40|57	0.25
57|59	54|57	0.428571428571
57|59	45|57	0.333333333333
57|59	64|57	0.5
57|59	61|57	0.333333333333
57|59	53|57	1.0
57|59	61|57.59	1.0
57|59	60|57.59	0.1
62|64.66.67	61|62.64	1.0
57|62.52	55|57	1.0
65|129.62	129|65.129.62	1.0
51|49	52|51	1.0
51|49	53|51	1.0
51|49	37|51.49	1.0
51|49	49|51	1.0
51|49	33|	0.25
51|49	44|51	0.5
51|49	57|51	1.0
55|60	69|55	0.5
55|60	50|55	0.5
55|60	57|55.60	1.0
55|60	56|55	1.0
55|60	64|55	1.0
55|60	62|55	1.0
55|60	49|55	0.75
55|60	60|55	0.5
55|60	58|55	0.5
55|60	129|55	0.5
55|60	53|55	0.25
55|60	58|55.60	1.0
55|60	61|55	0.5
55|60	48|55	0.181818181818
55|60	52|55	0.333333333333
55|60	59|55	1.0
129|41.129.41.129	34|129.41	1.0
24|	48|24	0.333333333333
24|	40|24	1.0
24|	43|24	0.125
24|	37|24	1.0
24|	36|24	0.25
24|	47|24	1.0
24|	38|24	0.0625
24|	51|24	1.0
24|	39|24	1.0
24|	44|24	1.0
70|68.73	67|70	1.0
52|129	57|52.129	0.5
52|129	55|52	0.333333333333
52|129	62|52	0.666666666667
52|129	54|52	1.0
52|129	59|52	1.0
52|129	53|52	1.0
66|57	61|66	0.4
66|57	64|66.57	1.0
66|57	63|66	1.0
66|57	54|66	1.0
66|57	62|66	1.0
66|57	55|66	1.0
66|57	57|66	1.0
66|57	62|66.57	1.0
66|57	65|66	1.0
76|74.72.74	77|76.74.72.74	1.0
43|129.47	129|43.129.47	1.0
43|129.47	38|43	1.0
61|58.55	64|61.58	1.0
32|31.44	36|32	1.0
74|67	62|74	1.0
74|67	71|74	1.0
74|67	67|74	0.222222222222
74|67	65|74	0.5
74|67	72|74	0.5
74|67	73|74	0.111111111111
74|67	72|74.67	1.0
24|47	48|24	1.0
129|72.70	70|129.72.70	1.0
129|72.70	74|129.72	1.0
129|72.70	63|129	1.0
129|72.70	72|129.72	0.333333333333
33|37.32	35|33	1.0
89|87	91|89	1.0
61|56.54	54|61	0.5
61|56.54	57|61	0.125
61|56.54	56|61	0.375
67|65.68	65|67.65.68	1.0
88|90	91|88	1.0
88|90	87|88	1.0
129|74.76	71|129.74	1.0
129|74.76	68|129	1.0
35|49.35.40	40|35.49	1.0
36|129.31	129|36.129	1.0
129|79.74.70	74|129.79	1.0
36|39.38.53.39.38	44|36	1.0
30|29	38|30	1.0
30|29	35|30	1.0
61|59.64	58|61	1.0
39|38.51	53|39.38	0.25
39|38.51	59|	0.0625
39|38.51	36|39	0.1875
39|38.51	55|39.38	0.0625
39|38.51	38|39.38	0.0625
39|38.51	44|39	0.375
92|88.76	80|92	1.0
129|45.50	45|129.45	1.0
56|61.60	60|56	0.5
56|61.60	53|56	0.5
49|42	42|49.42	0.333333333333
49|42	50|49	1.0
49|42	36|49	0.470588235294
49|42	129|49	1.0
49|42	46|49	0.352941176471
49|42	54|49	1.0
47|45	43|47	0.333333333333
47|45	40|47	0.25
47|45	50|47	1.0
47|45	52|47	0.047619047619
47|45	54|47	1.0
47|45	44|47	0.45
47|45	36|47	0.047619047619
47|45	45|47	0.111111111111
47|45	48|47.45	0.8
47|45	49|47.45	0.333333333333
47|45	48|47	0.666666666667
47|45	69|47	1.0
51|60.61	58|51	0.5
51|60.61	66|51	0.5
57|54	58|57	0.333333333333
57|54	56|57	0.333333333333
57|54	59|57.54	1.0
57|54	61|57	1.0
57|54	60|57	1.0
57|54	50|57	0.25
57|54	45|57	0.15
57|54	62|57	1.0
57|54	52|57	0.25
57|54	55|57.54	0.666666666667
57|54	54|57	1.0
59|55.57	62|59	0.166666666667
59|55.57	57|59.55.57	0.4
74|76.78	69|74	1.0
58|49	49|58	1.0
58|49	65|58	1.0
52|60	53|52.60	1.0
40|35.40	35|40	1.0
33|44	44|33	1.0
68|70.65	66|68	0.428571428571
68|70.65	74|68	0.571428571429
71|69.67.66.72	62|71	1.0
40|35.49	35|40	1.0
61|57	64|61.57	1.0
61|57	55|61	0.4
61|57	57|61	1.0
61|57	62|61.57	0.5
61|57	66|61	0.5
61|57	57|61.57	0.5
61|57	129|61.57	1.0
61|57	69|61	0.25
61|57	59|61	0.4
61|57	52|61	0.5
37|33	41|37	0.333333333333
37|33	42|37	0.555555555556
37|33	40|37	0.333333333333
37|33	33|37.33	1.0
37|33	36|37	0.666666666667
37|33	38|37.33	1.0
37|33	43|37	0.666666666667
37|33	36|37.33	0.5
37|33	38|37	1.0
37|33	33|37	0.444444444444
53|50	56|53	1.0
53|50	61|53	1.0
53|50	57|53	1.0
53|50	58|53	0.666666666667
53|50	59|53	0.333333333333
53|50	55|53.50	1.0
53|50	50|53	1.0
53|50	48|53	0.5
53|50	51|53	0.333333333333
53|50	40|53	0.333333333333
70|129.68	129|70.129.68	1.0
63|61.65	129|63	1.0
54|50.54	57|54.50	0.75
54|50.54	55|54.50	0.25
74|73.67	81|74	1.0
69|70.65.69	65|69.70.65	1.0
35|36	42|35	1.0
35|36	33|35.36	0.916666666667
35|36	36|35	0.375
35|36	44|	0.375
35|36	23|	0.25
35|36	33|35	1.0
77|79.80	85|77	0.25
77|79.80	75|77.79.80	0.5
77|79.80	80|77	0.25
77|79.80	81|77.79	0.5
64|60.63	65|64.60	1.0
76|80	74|76	0.166666666667
76|80	84|76	0.5
76|80	73|76	0.5
76|80	71|76	0.333333333333
76|80	81|76	0.5
62|63.58	60|62.63	1.0
82|79	79|82	1.0
82|79	83|82	0.0909090909091
82|79	81|82	0.545454545455
82|79	86|82	0.0909090909091
82|79	69|82	0.0909090909091
82|79	84|82	0.181818181818
33|37	35|33	1.0
33|37	38|33	1.0
33|37	36|33	0.333333333333
33|37	37|33	0.666666666667
33|37	40|33.37	1.0
51|38.51	39|51	1.0
65|53.60	64|65.53.60	0.5
50|41	40|50	1.0
50|41	48|50	1.0
50|41	55|50	1.0
50|41	64|50	1.0
50|41	52|50.41	1.0
88|86.129	81|88	1.0
51|129.36	129|51.129.36	1.0
68|70.67	72|68.70	1.0
34|29	36|34	0.5
34|29	38|34	0.4
34|29	48|34	0.333333333333
34|29	43|34	0.4
34|29	33|34	0.2
34|29	22|	0.666666666667
34|29	129|34.29	1.0
34|29	41|34	1.0
65|67.63	67|65.67	0.125
65|67.63	129|65.67	0.375
65|67.63	58|65	0.25
65|67.63	63|65	0.25
67|129.67.129.66	129|67.129.67.129.66	0.333333333333
68|52.67	54|68	1.0
69|129.70.72.129.70	129|69.129.70	1.0
62|66.61	66|62.66.61	1.0
70|76	69|70.76	1.0
70|76	77|70	0.5
70|76	73|70	0.5
70|76	72|70	0.5
40|45	45|40	1.0
40|45	44|40	0.125
40|45	129|40	0.875
40|45	50|40	1.0
71|83.77	73|71.83	0.5
71|83.77	76|71.83	0.5
59|42.59.35	42|59.42.59.35	1.0
75|79	70|75	1.0
75|79	80|75	0.333333333333
75|79	74|75.79	1.0
75|79	72|75	0.333333333333
66|67.72	67|66.67.72	1.0
129|67.69	62|129	1.0
129|67.69	66|129	1.0
44|46	56|44	1.0
44|46	31|44	1.0
44|46	43|44	1.0
44|46	129|44	1.0
44|46	41|44	0.5
44|46	45|44	1.0
67|64.61	73|67	0.5
67|64.61	61|67	0.5
84|86.89	76|84	1.0
65|58	63|65.58	1.0
65|58	69|65	0.333333333333
65|58	64|65	1.0
65|58	71|65	1.0
65|58	62|65	0.5
65|58	57|65	1.0
65|58	58|65	0.5
65|58	60|65	0.4
65|58	70|65.58	0.5
81|79.72	72|81	1.0
43|50.48	50|43	0.666666666667
43|50.48	38|43	0.333333333333
56|55	53|56	1.0
56|55	129|56	0.5
56|55	57|56	0.166666666667
56|55	58|56	1.0
56|55	47|	0.333333333333
56|55	65|56	0.25
56|55	50|56	0.166666666667
56|55	59|56	0.5
56|55	64|56	0.166666666667
56|55	58|56.55	0.666666666667
56|55	51|56	0.666666666667
56|55	60|56	1.0
56|55	55|56	0.5
56|55	57|56.55	1.0
56|55	63|56	0.333333333333
41|36.43.36.24	129|41	1.0
44|59	59|44	0.285714285714
44|59	53|44.59	1.0
44|59	55|	0.142857142857
44|59	39|44.59	0.5
44|59	38|44	0.142857142857
90|92	88|90	1.0
80|	68|80	0.0888888888889
80|	76|80	0.214285714286
80|	82|80	0.333333333333
80|	79|80	0.1
80|	85|80	0.666666666667
80|	129|80	0.05
80|	77|80	0.3
80|	69|80	0.0666666666667
80|	88|80	1.0
80|	81|80	1.0
80|	86|	0.0222222222222
80|	71|80	0.5
80|	78|80	0.25
80|	84|80	1.0
80|	83|80	0.321428571429
80|	75|80	0.107142857143
80|	74|80	0.6
80|	87|80	1.0
80|	73|	0.0714285714286
33|39	38|33	1.0
76|74	74|76	1.0
76|74	74|76.74	0.5
76|74	73|76.74	0.5
76|74	64|76	0.2
76|74	78|76	1.0
76|74	71|76	1.0
76|74	69|76	0.0606060606061
76|74	77|76	0.666666666667
76|74	77|76.74	1.0
76|74	79|76	0.03125
76|74	72|76	0.222222222222
76|74	78|76.74	1.0
76|74	70|76	0.333333333333
76|74	66|76	0.030303030303
76|74	129|76	1.0
129|34.40	39|129	1.0
129|36.35	36|129.36.35	1.0
55|57.55.57	129|55	1.0
53|68	68|53	1.0
70|58.67	65|70	1.0
129|38.42	43|129.38.42	1.0
129|50.129.48	55|129.50.129.48	1.0
70|77	73|70	1.0
70|77	69|70.77	1.0
70|77	77|70	1.0
76|74.70	77|76.74.70	1.0
71|68	64|71	0.333333333333
71|68	68|71	1.0
71|68	73|71.68	1.0
71|68	76|71	0.666666666667
71|68	62|71	1.0
71|68	69|71.68	1.0
40|52	52|40	0.666666666667
40|52	45|40	1.0
45|62	52|45	1.0
129|86.81	85|	1.0
49|45	52|49	0.25
49|45	46|49	0.25
49|45	43|49	0.8
49|45	31|	0.2
49|45	50|49.45	0.25
49|45	45|49	0.444444444444
49|45	45|49.45	0.25
49|45	54|49	0.25
90|87.79	78|90.87	1.0
79|76.70	82|79.76	1.0
35|40.33	40|35.40	1.0
68|70.72.65	66|68	1.0
42|39.40	27|	1.0
65|64.67.73	69|65	1.0
62|129.62.129.62.129.62	129|62.129.62.129.62.129.62	1.0
42|35	30|42	0.25
42|35	40|42	0.2
42|35	129|42	0.2
42|35	45|42	1.0
42|35	28|	0.6
42|35	47|42	0.25
42|35	35|42	1.0
129|44.129.49	44|129.44.129.49	1.0
129|44.129.49	47|129	1.0
44|53	38|44	0.0909090909091
44|53	39|44.53	0.1
69|66.67	67|69.66	1.0
34|129.34.129.34.129.41	129|34.129.34.129.34.129.41	1.0
74|62	129|74.62	1.0
58|59.61	64|58	1.0
52|	65|	0.0588235294118
52|	43|52	1.0
52|	67|	0.262295081967
52|	38|	0.0344827586207
52|	57|52	0.142857142857
52|	46|52	1.0
52|	62|52	0.0697674418605
52|	53|52	0.047619047619
52|	68|	0.348837209302
52|	42|52	1.0
52|	39|52	0.0175438596491
52|	24|52	1.0
52|	45|52	0.0909090909091
52|	54|52	0.0952380952381
52|	74|	0.046511627907
52|	35|	0.666666666667
52|	61|52	1.0
52|	41|	0.0333333333333
52|	50|52	0.52380952381
52|	55|52	0.047619047619
52|	49|52	0.148148148148
52|	40|52	0.0909090909091
52|	58|52	0.5
52|	60|52	0.714285714286
52|	51|52	0.047619047619
52|	129|52	1.0
52|	64|52	0.037037037037
52|	56|52	0.0322580645161
52|	48|52	0.0952380952381
52|	47|52	0.181818181818
52|	59|52	0.185185185185
80|81	74|80	0.4
80|81	79|80	1.0
80|81	83|80	0.2
80|81	69|80	1.0
80|81	81|80	1.0
80|81	76|80	0.5
71|80	88|71	0.5
71|80	73|71	0.5
39|38.39	38|39.38	0.666666666667
39|38.39	41|39.38	0.333333333333
45|40.41.43	129|45	0.5
45|40.41.43	40|45	0.5
70|129.72.70	69|70.129	1.0
41|129.36	129|41.129.36	1.0
61|62.129	64|61	1.0
62|57.59	129|62.57	0.05
62|57.59	57|62.57.59	0.947368421053
64|67.73	65|64.67.73	1.0
39|38.129	41|39.38.129	1.0
64|70	67|64	1.0
64|70	65|64	0.5
64|70	70|64	0.5
64|70	60|64	1.0
47|45.48	48|47.45.48	1.0
129|46.53	50|129	0.5
129|46.53	55|129	0.5
38|39	36|38	1.0
38|39	39|38.39	0.666666666667
38|39	41|38	0.2
38|39	42|38	0.111111111111
38|39	44|38	0.25
38|39	50|38	0.25
38|39	45|38	0.25
38|39	32|	0.142857142857
38|39	33|38	0.0625
38|39	129|38	0.25
38|39	34|38	0.125
38|39	26|	0.125
38|39	37|38	0.333333333333
38|39	35|38	0.0555555555556
33|36	129|33	1.0
33|36	38|33	0.8
33|36	37|33	1.0
33|36	35|33.36	1.0
33|36	28|33.36	1.0
62|66.64	64|62.66	1.0
66|68	69|66	0.5
66|68	70|66	0.5
66|68	68|66	1.0
66|68	71|66	0.5
66|68	64|66.68	0.5
66|68	65|66	0.5
36|37.36	24|36	1.0
60|41	57|60	1.0
55|60.64	52|55	1.0
70|64	67|70.64	1.0
70|64	66|70	1.0
70|64	69|70.64	1.0
70|64	65|70	0.6
70|64	62|70	1.0
129|69.129.75	69|129.69	1.0
53|35.40	35|53.35.40	1.0
84|86.84	82|84.86	1.0
33|45	38|33.45	1.0
33|45	42|33	1.0
33|45	45|33	0.2
33|45	37|33	1.0
33|45	31|33	1.0
33|45	32|33	1.0
33|45	40|33.45	1.0
33|45	34|33	0.2
32|28	44|32	1.0
81|82	129|81	0.5
81|82	72|81	0.25
81|82	82|81.82	0.5
81|82	69|81	0.037037037037
81|82	74|81	0.333333333333
81|82	77|81	0.25
81|82	79|81.82	0.5
81|82	84|81	1.0
81|82	78|81	0.0740740740741
35|46.35.46.35.46.40	40|35.46	1.0
37|35.42	42|37.35.42	1.0
55|53.52	43|55	0.5
55|53.52	57|55	0.5
53|44	44|53	0.272727272727
53|44	51|53	0.181818181818
53|44	41|53	0.5
53|44	38|53	0.0909090909091
53|44	52|53	1.0
53|44	39|53	0.363636363636
53|44	55|53	0.0909090909091
65|64.60	55|65	0.5
65|64.60	60|65	0.5
62|60.57.59	60|62.60.57.59	1.0
79|77.78	80|79	1.0
129|49.129.46	50|129	1.0
69|71.78	71|69.71.78	1.0
40|42.38	43|40	1.0
63|67.65	60|63.67	1.0
35|46	52|	0.00279329608939
35|46	40|35.46	0.681818181818
35|46	40|35	0.25
35|46	49|	0.131284916201
35|46	46|35	0.743016759777
56|48	55|56	1.0
66|55	67|66.55	1.0
66|55	64|66	0.5
38|51.39.51	53|38	1.0
54|56	52|54.56	1.0
54|56	53|54	0.285714285714
54|56	57|54.56	1.0
54|56	52|54	1.0
54|56	40|54.56	1.0
54|56	55|54.56	1.0
54|56	42|54	1.0
54|56	51|54	0.5
68|49	49|	0.75
68|49	44|	0.25
69|71.72.69.67	67|69.71	1.0
37|32.33	33|37	1.0
77|78.72	74|77.78	1.0
31|44	32|31.44	1.0
52|54.55	50|52	0.916666666667
52|54.55	55|52.54	0.0833333333333
33|129.33.32	28|33	1.0
64|68.69	69|64	0.5
64|68.69	71|64	0.5
41|43.42	38|41	1.0
129|38.43	40|129	1.0
43|45.46	47|43	1.0
58|57.55	57|58.57	0.333333333333
58|57.55	46|58	0.666666666667
60|63	58|60	1.0
60|63	57|60	1.0
60|63	55|60	1.0
60|63	67|60	0.125
60|63	129|60	0.75
60|63	65|60	1.0
60|63	63|60	0.5
60|63	68|60	1.0
60|63	56|60	1.0
60|63	59|60	1.0
60|63	61|60.63	1.0
60|63	66|60	0.333333333333
60|63	64|60	1.0
60|63	69|60	0.75
60|63	53|60	0.153846153846
60|63	62|60	0.25
60|63	64|60.63	1.0
63|62.63.65	68|63	0.5
63|62.63.65	73|63	0.5
62|63.60	67|62	0.5
62|63.60	58|62	1.0
62|63.60	63|62	1.0
62|63.60	55|62	1.0
62|63.60	65|62	0.5
74|83	75|74	0.5
74|83	71|74.83	1.0
74|83	76|74.83	1.0
74|83	79|74	0.5
71|83.78	68|71	0.333333333333
71|83.78	80|71	0.333333333333
71|83.78	75|71	0.333333333333
58|56.61	129|58	1.0
49|50	40|49	0.2
49|50	52|49	0.125
49|50	48|49	0.1
49|50	50|49	0.25
49|50	44|49	0.3
49|50	45|49	0.125
49|50	46|49	1.0
49|50	47|49	0.5
129|32.33.31	35|129	1.0
51|37.51.43	37|51.37.51.43	1.0
35|57.40	40|35.57	1.0
46|129.53	51|46	1.0
46|129.53	129|46.129.53	0.6
69|68.73	68|69.68.73	1.0
38|43.45	42|38	1.0
34|53	37|34	0.333333333333
34|53	22|	0.333333333333
34|53	39|34	0.333333333333
48|64	52|48	1.0
53|56	60|53	0.333333333333
53|56	59|53	0.333333333333
53|56	129|53	0.166666666667
53|56	40|53	0.142857142857
53|56	48|53	0.5
53|56	47|53	0.5
53|56	56|53	0.571428571429
53|56	58|53	1.0
53|56	52|53.56	1.0
53|56	49|53	0.333333333333
53|56	68|53	0.25
53|56	51|53	1.0
53|56	55|53	0.285714285714
61|49	54|61	0.5
61|49	49|61	0.5
73|69.45	36|	0.25
73|69.45	70|73	0.25
73|69.45	42|	0.5
56|62	55|56	1.0
56|62	57|56	1.0
67|65.63	60|67	1.0
67|65.63	61|67	0.333333333333
67|65.63	70|67	0.5
67|65.63	64|67	0.333333333333
67|65.63	68|67.65.63	0.5
67|65.63	62|67	0.25
67|65.63	69|67	0.25
67|62	60|67	1.0
67|62	64|67.62	0.666666666667
67|62	74|67	0.125
67|62	66|67	0.25
67|62	73|67	0.75
67|62	68|67	0.25
67|62	63|67	1.0
67|62	64|67	0.666666666667
67|62	57|67	1.0
67|62	61|67	0.5
67|62	55|67	0.5
67|62	70|67	0.333333333333
67|62	65|67	0.125
67|62	129|67.62	0.333333333333
67|62	129|67	1.0
67|62	71|67	0.75
67|62	62|67	1.0
67|62	69|67	0.333333333333
34|28	22|	1.0
39|53	38|39.53	1.0
39|53	51|39.53	1.0
39|53	59|	0.2
39|53	36|39	0.4
76|86	81|76	0.5
76|86	68|76	0.5
66|67.66	64|66.67	0.75
66|67.66	61|66	1.0
66|67.66	68|66.67	1.0
66|67.66	67|66.67.66	1.0
66|67.66	76|66	0.25
36|39.59	38|36	0.333333333333
36|39.59	59|	0.666666666667
41|39.38	44|41	1.0
41|39.38	46|41	0.333333333333
41|39.38	43|41.39	0.666666666667
129|72.70.129.69	72|129.72	1.0
74|72.75	72|74.72	1.0
91|76	95|91	1.0
69|63	63|69	1.0
69|63	66|69	1.0
69|63	74|69	1.0
69|63	72|69	1.0
69|80	73|69	1.0
69|80	70|69	1.0
83|85	85|83	1.0
83|85	82|83	1.0
83|85	74|83	1.0
83|85	81|83	1.0
129|77	57|129	1.0
129|77	79|129	1.0
129|77	75|129	1.0
129|77	89|	0.5
129|77	68|129	1.0
129|77	63|129	0.5
129|77	72|129.77	1.0
129|77	76|129.77	1.0
87|81	78|87	0.428571428571
87|81	90|87	0.142857142857
87|81	93|87	0.428571428571
46|51	43|46	0.5
46|51	39|46	1.0
46|51	41|46.51	1.0
46|51	42|46	1.0
46|51	51|46	0.142857142857
46|51	44|46	1.0
46|51	47|46	1.0
46|51	48|46	1.0
46|51	39|46.51	1.0
46|51	58|46	0.142857142857
46|51	34|46	0.428571428571
33|129.35	35|33	1.0
129|48.129.53	53|129.48.129.53	1.0
86|88.89	84|86.88.89	1.0
60|53	48|60.53	1.0
60|53	57|60	0.333333333333
60|53	59|60	1.0
60|53	55|60	1.0
60|53	46|60	0.333333333333
60|53	65|60	1.0
60|53	52|60	0.181818181818
60|53	53|60	0.636363636364
60|53	51|60	1.0
48|41.43	43|48	1.0
56|129.61	58|56.129	0.2
56|129.61	65|56	0.8
65|67.75	75|65	1.0
129|58.129.58.129.57	58|129.58.129.58.129.57	1.0
129|51.129.51.129.49	51|129.51.129.51.129.49	1.0
62|61.57	50|62	0.25
62|61.57	64|62.61	0.25
62|61.57	52|62	0.25
62|61.57	59|62	0.25
74|75.74.72.70.69	62|74	1.0
67|66.69	71|67	0.5
67|66.69	68|67	1.0
67|66.69	62|67	0.5
71|69.59	73|71.69	1.0
58|48	50|58	1.0
58|48	60|58	1.0
76|78.76	78|76.78	0.25
76|78.76	73|76	0.25
76|78.76	79|76.78	1.0
76|78.76	74|76.78.76	0.5
57|45	55|57	0.5
57|45	56|57	1.0
57|45	59|57	1.0
57|45	52|57	0.5
46|49.36	45|46	0.333333333333
46|49.36	49|46	0.666666666667
58|66	59|58	1.0
49|36.43	51|49	0.5
49|36.43	47|49	0.5
35|33.31	33|35.33.31	1.0
30|26	129|30	1.0
30|26	35|30	1.0
67|56	63|67	1.0
54|55	57|54.55	1.0
54|55	52|54.55	0.666666666667
54|55	53|54	1.0
54|55	52|54	0.666666666667
54|55	55|54	0.333333333333
54|55	60|54	0.333333333333
54|55	129|54	1.0
54|55	57|54	1.0
54|55	50|54	0.5
54|55	55|54.55	0.333333333333
54|55	58|54	0.0588235294118
54|55	49|54	0.25
59|51	49|59	0.4
59|51	47|59	0.2
59|51	52|59	0.4
59|51	50|59	1.0
76|72	74|76	0.625
76|72	77|76.72	1.0
76|72	74|76.72	1.0
76|72	79|76	0.47619047619
76|72	72|76	1.0
76|72	71|76	0.5
76|72	129|76	0.333333333333
76|72	67|76	0.666666666667
76|72	77|76	1.0
76|72	81|76	0.047619047619
76|72	69|76	0.0952380952381
39|46.51	34|39	1.0
72|74.76.77	76|72	1.0
72|74.76.77	69|72	1.0
62|60.58.56	63|62.60.58.56	1.0
129|62.129	64|129	1.0
80|84	81|80	0.25
80|84	79|80	0.5
80|84	77|80	0.25
63|62.60.62	68|63	1.0
69|67.74	70|69.67	1.0
56|61.54	61|56	0.0833333333333
56|61.54	54|56	0.75
56|61.54	129|56.61	0.166666666667
129|43	44|129	0.454545454545
129|43	42|129.43	0.125
129|43	60|129	1.0
129|43	43|129.43	0.9
129|43	41|129.43	0.1
129|43	52|129	0.5
129|43	48|129	0.2
129|43	49|129.43	1.0
129|43	43|129	0.5
129|43	48|129.43	0.333333333333
129|43	39|129	0.666666666667
129|43	49|129	1.0
129|43	47|129	0.0909090909091
129|43	45|129	0.5
129|43	36|129.43	0.5
129|43	31|129.43	0.333333333333
129|43	38|129.43	0.125
129|43	51|129	0.333333333333
129|43	46|129.43	0.333333333333
129|43	40|129	0.111111111111
129|43	55|129	0.5
49|51	51|49	0.5
49|51	48|49	0.333333333333
49|51	129|49.51	1.0
49|51	129|49	1.0
49|51	44|49	1.0
49|51	47|49	1.0
129|41.129.33	35|129	1.0
79|76.78	83|79	1.0
79|76.78	71|79	1.0
34|31	36|34	1.0
34|31	45|34	0.333333333333
34|31	44|34	0.333333333333
34|31	33|34	1.0
34|31	40|34	0.333333333333
62|53	46|62	1.0
62|53	53|62	1.0
62|53	50|62	1.0
63|60.129	65|63	1.0
26|129	28|26	1.0
45|42.45	44|45	1.0
129|34.29	34|129.34	1.0
69|74.69.71	78|69	1.0
41|129.41.129.41	129|41.129.41.129.41	1.0
129|67.66.64.69	71|129	1.0
67|68.65	62|67	1.0
51|38	44|51.38	0.75
51|38	39|51	0.1
51|38	36|51.38	1.0
68|50	53|68	1.0
71|72.81	84|71	1.0
57|50.62	55|57.50	1.0
55|70	58|55	1.0
55|70	67|55	1.0
34|129.41	129|34.129.41	0.25
68|67.129	70|68.67.129	1.0
129|62.129.62.129.62	63|129	0.411764705882
129|62.129.62.129.62	62|129.62.129.62.129.62	0.5
129|62.129.62.129.62	65|129	0.0588235294118
129|62.129.62.129.62	70|129	0.0294117647059
69|60	60|69	1.0
69|60	59|69	0.2
69|60	65|69.60	0.25
69|60	64|69	0.25
69|60	72|69	1.0
69|60	67|69	0.25
69|60	66|69	1.0
72|69.65	77|72.69.65	1.0
72|69.65	76|72.69	0.333333333333
34|41	37|34	0.1
34|41	36|34	0.125
34|41	40|34	0.125
34|41	39|34	0.2
34|41	38|34	0.666666666667
34|41	41|34.41	0.125
34|41	41|34	0.2
34|41	129|34.41	0.5
34|41	32|34	0.8
34|41	33|34	0.1
34|41	22|	0.1
34|41	46|34	0.333333333333
34|41	35|34	0.125
68|72	70|68	0.8
68|72	61|68	1.0
68|72	63|68	0.666666666667
68|72	65|68.72	0.625
68|72	69|68.72	1.0
68|72	67|68	0.25
68|72	71|68	0.25
68|72	56|68	0.125
68|72	73|68	0.2
68|72	72|68	1.0
64|	51|64	1.0
64|	69|64	0.027027027027
64|	71|64	1.0
64|	45|64	1.0
64|	79|64	0.4
64|	54|64	1.0
64|	48|64	0.0344827586207
64|	74|64	0.5
64|	90|64	1.0
64|	41|64	1.0
64|	82|	0.030303030303
64|	61|64	0.125
64|	66|64	0.25
64|	50|64	1.0
64|	70|64	1.0
64|	59|64	0.125
64|	57|64	0.125
64|	65|64	0.5
64|	58|64	0.0588235294118
64|	53|64	1.0
64|	129|64	0.5
64|	73|64	0.027027027027
64|	56|64	0.5
64|	47|64	0.125
64|	63|64	0.375
64|	62|64	1.0
64|	49|	0.0344827586207
64|	52|64	0.0689655172414
64|	76|64	0.027027027027
64|	67|64	0.108108108108
64|	68|64	0.2
64|	72|64	0.178571428571
64|	85|	0.0217391304348
64|	55|64	1.0
64|	60|64	0.5
70|65.67	69|70	1.0
46|129.53.129.53	129|46.129.53.129.53	1.0
60|55.67	59|60.55	1.0
62|57.55	61|62.57.55	1.0
62|57.55	129|62	0.2
74|66	68|74	1.0
74|66	67|74	1.0
74|66	78|74	1.0
36|51.36	41|36	1.0
33|43	35|33	0.4
33|43	40|33	0.6
33|43	45|33	1.0
84|129	81|84	0.5
84|129	86|84	0.5
84|129	77|84	0.8
84|129	82|84	0.2
37|30	36|37	0.025
37|30	129|37	0.075
37|30	32|37.30	0.787878787879
37|30	44|37	0.075
32|129	129|32.129	1.0
32|129	33|32	0.333333333333
32|129	28|32	0.333333333333
49|52.45	52|49	1.0
53|46	61|53	0.142857142857
53|46	62|53	0.285714285714
53|46	60|53	0.142857142857
53|46	58|53	0.285714285714
53|46	41|53	1.0
53|46	46|53.46	1.0
53|46	55|53	0.142857142857
81|	70|81	1.0
81|	80|81	0.2
81|	69|81	0.2
81|	74|81	0.5
81|	78|81	0.304347826087
81|	87|81	0.142857142857
81|	77|81	0.0322580645161
81|	75|81	1.0
81|	83|81	0.304347826087
81|	71|81	0.0714285714286
81|	86|81	0.0434782608696
81|	67|81	1.0
81|	79|81	1.0
81|	72|81	0.0285714285714
81|	82|81	1.0
81|	89|81	0.0285714285714
81|	76|81	0.428571428571
81|	85|81	0.4
81|	93|	0.0285714285714
81|	73|81	0.2
81|	62|81	1.0
81|	129|81	0.4
81|	90|81	0.333333333333
81|	84|81	0.0322580645161
81|	88|81	0.0909090909091
72|79	71|72.79	1.0
72|79	75|72.79	1.0
72|79	68|72	1.0
69|70.77	67|69	1.0
40|43	45|40	1.0
40|43	36|40	0.333333333333
40|43	48|40	0.5
40|43	43|40	1.0
40|43	28|	1.0
40|43	38|40	0.666666666667
40|43	33|40	1.0
40|38.48	28|	1.0
71|73.76	73|71	1.0
44|55	43|44	1.0
71|129.67.74	69|71	1.0
129|49	51|129.49	0.352941176471
129|49	48|129	0.176470588235
129|49	43|129	0.0588235294118
129|49	47|129	0.346153846154
129|49	44|129.49	0.25
129|49	56|129	0.5
129|49	42|129	0.117647058824
129|49	46|129.49	0.5
129|49	38|129	0.25
129|49	57|129	0.176470588235
129|49	43|129.49	1.0
129|49	50|129	0.176470588235
129|49	45|129	0.235294117647
129|49	36|129	0.0384615384615
129|49	58|129	1.0
129|49	51|129	0.235294117647
129|49	49|129	0.571428571429
129|49	55|129	0.5
65|60.57.64	57|65	0.8
65|60.57.64	60|65	0.2
65|73	72|65	1.0
73|79	77|73	1.0
56|47	129|56	1.0
129|38.129.46	46|129	1.0
66|62.57	69|66	1.0
66|62.57	62|66	1.0
51|38.46	44|51.38.46	1.0
129|43.50	38|129.43	1.0
47|45.60	48|47.45.60	1.0
64|65.64	58|64	1.0
46|53.48	51|46	1.0
79|76.72.71.74	76|79	0.5
79|76.72.71.74	75|79	0.5
72|70.74	69|72	0.5
72|70.74	74|72.70	0.5
59|57.62	61|59	1.0
59|57.62	56|59	0.5
59|57.62	57|59	0.5
56|58	55|56.58	0.666666666667
56|58	53|56	0.0833333333333
56|58	62|56	0.166666666667
56|58	129|56	0.384615384615
56|58	49|56	0.5
56|58	57|56	0.333333333333
56|58	51|56.58	0.333333333333
56|58	58|56	0.75
56|58	37|	1.0
56|58	43|	1.0
56|58	61|56	0.0833333333333
56|58	54|56	1.0
56|58	58|56.58	0.1
56|58	59|56.58	1.0
56|58	51|56	0.25
56|58	60|56	1.0
56|58	55|56	0.25
56|58	67|56	0.9
56|58	63|56	0.0833333333333
74|78	78|74	0.833333333333
74|78	71|74	0.555555555556
74|78	80|74	0.166666666667
74|78	76|74	0.333333333333
74|78	129|74	0.333333333333
74|78	79|74	0.333333333333
74|78	70|74	0.111111111111
74|78	88|	1.0
74|78	73|74	0.333333333333
86|65	61|	1.0
51|37	52|51	1.0
32|31.29	38|32	1.0
58|61.129	56|58.61	1.0
74|77.81	72|74.77	1.0
66|129.81	129|66.129.81	1.0
67|66.67.66	69|67.66.67.66	1.0
50|48.43	51|50.48.43	1.0
50|48.43	38|50	1.0
92|90	93|92	1.0
62|58.63	53|62	0.25
62|58.63	63|62	0.75
62|58.63	65|62	1.0
129|34.129.31	36|129.34	1.0
59|57.61.64	61|59.57.61.64	1.0
129|43.40	43|129.43	1.0
64|68.66	71|64	1.0
82|73	81|82	1.0
129|53.48	53|129.53	1.0
52|57.52	57|52.57	0.285714285714
52|57.52	49|52	0.571428571429
52|57.52	45|52.57.52	1.0
55|53.50	50|55	1.0
129|42.129.46.129.42.129.46	49|129	1.0
36|42.36.42.57	57|	0.666666666667
36|42.36.42.57	49|36.42	0.333333333333
28|129	30|28	0.375
28|129	31|28	0.625
69|70.64	70|69.70	1.0
49|43	53|49	0.5
49|43	36|49	0.5
49|43	47|49	1.0
49|43	46|49	0.272727272727
49|43	42|49.43	0.5
56|57.48	54|56	1.0
129|46.129.41	43|129	1.0
129|46.129.41	58|129	0.25
129|46.129.41	53|129.46	0.375
129|46.129.41	50|129	0.375
41|46.41	29|41	0.5
41|46.41	39|41	0.5
41|46.41	46|41	1.0
72|71.72.69	70|72	1.0
51|47	52|51	1.0
51|47	54|51	1.0
57|64.57.64	60|57.64	1.0
79|76.79	50|	0.2
79|76.79	81|79.76	0.4
79|76.79	76|79	0.4
53|48.129	55|53.48	1.0
48|36.48.50	49|48	1.0
43|44	37|43	0.1
43|44	39|43	0.428571428571
43|44	50|43	0.5
43|44	38|43	1.0
43|44	41|43	0.285714285714
43|44	51|43	0.0714285714286
43|44	48|43	0.142857142857
43|44	45|43.44	0.5
43|44	44|43	0.0714285714286
43|44	47|43	0.4
67|60	63|67	0.333333333333
67|60	69|67.60	1.0
67|60	60|67	0.25
67|60	61|67	0.5
67|60	68|67	0.333333333333
67|60	66|67	1.0
67|60	64|67	1.0
67|60	65|67	0.5
67|60	64|67.60	0.5
67|60	66|67.60	0.333333333333
60|62.60	59|60.62	1.0
84|80	80|84	1.0
37|51.43	51|37.51.43	1.0
63|51	47|63	1.0
63|51	56|63	1.0
48|46.129	52|48	0.5
48|46.129	41|48	0.5
65|59	64|65.59	1.0
65|59	59|65	1.0
65|59	57|65	1.0
65|59	63|65	1.0
57|59.65	50|57	1.0
60|52	48|60	0.2
60|52	45|60	0.5
60|52	55|60	1.0
60|52	65|60.52	1.0
60|52	46|60	0.5
60|52	53|60	0.6
60|52	63|60	0.333333333333
60|52	50|60	0.2
62|66.57	57|62	1.0
29|41.40	41|29	1.0
82|84.86	81|82	1.0
83|66	82|83	1.0
83|66	90|83	1.0
129|40.129.35	57|129	0.0833333333333
129|40.129.35	59|129	0.0416666666667
129|40.129.35	40|129.40	0.5
129|40.129.35	50|129	0.0416666666667
129|40.129.35	35|129	0.333333333333
60|57.64	62|60.57.64	1.0
60|57.64	59|60	0.0869565217391
60|57.64	65|60.57.64	0.2
60|57.64	65|60.57	1.0
129|51.129.38	36|129	0.5
129|51.129.38	51|129.51.129.38	1.0
80|71	68|80	0.125
80|71	83|80	0.75
80|71	88|80	0.125
47|62	45|47	1.0
28|31	33|28	1.0
47|50.47	54|47	1.0
35|41.46	40|35.41	1.0
81|73	69|81	1.0
81|73	84|81	1.0
72|71.72.74.71	76|72	1.0
78|76.75	79|78.76.75	1.0
55|54.56	54|55	1.0
61|62.45	52|61	1.0
71|69	64|71.69	1.0
71|69	70|71	0.5
71|69	68|71	0.027027027027
71|69	74|71	0.6
71|69	78|71	0.0540540540541
71|69	74|71.69	0.5
71|69	72|71	1.0
71|69	73|71.69	0.111111111111
71|69	67|71	0.277777777778
71|69	72|71.69	0.166666666667
71|69	80|71	0.5
71|69	62|71	0.108108108108
71|69	69|71.69	0.166666666667
71|69	129|71	0.333333333333
71|69	75|71	1.0
71|69	79|71	0.5
88|89.93.86	89|88.89.93	0.142857142857
88|89.93.86	87|88	0.857142857143
51|37.51.37.51.49	43|	1.0
30|32.34	42|30	0.111111111111
30|32.34	32|30	0.555555555556
30|32.34	34|30	0.222222222222
30|32.34	37|30.32.34	1.0
129|55.129	43|129	1.0
82|75	87|82	1.0
82|75	85|82	1.0
56|55.51	53|56	1.0
129|83	88|129	0.75
129|83	86|129.83	0.25
43|53	36|43	0.333333333333
43|53	38|43	0.666666666667
32|47	51|32	1.0
65|62.63	62|65.62	1.0
72|69.77	70|72.69.77	1.0
68|66.69	65|68	1.0
83|80	77|83	1.0
83|80	81|83.80	1.0
83|80	88|83	0.0625
83|80	80|83	1.0
83|80	71|83.80	0.461538461538
83|80	76|83	0.0625
53|48.55	52|53	1.0
55|57	50|55	0.2
55|57	64|55	0.333333333333
55|57	54|55	0.6
55|57	58|55	0.2
55|57	53|55	1.0
55|57	57|55	0.6
55|57	52|55	0.0526315789474
55|57	57|55.57	0.833333333333
55|57	43|55	0.2
55|57	56|55	0.5
55|57	59|55.57	0.5
55|57	62|55	0.75
55|57	60|55.57	0.5
55|57	129|55	0.166666666667
55|57	48|55	0.25
55|57	59|55	1.0
68|70.72	65|68.70	0.5
68|70.72	67|68	0.5
74|73.71	73|74	0.666666666667
74|73.71	71|74	0.333333333333
61|129	63|61	0.46875
61|129	64|61.129	1.0
61|129	60|61.129	0.888888888889
61|129	64|61	0.666666666667
61|129	129|61	0.5
61|129	65|61.129	0.2
61|129	60|61	0.5
61|129	58|61.129	1.0
39|34	51|39.34	0.5
39|34	33|39	0.5
39|34	32|39.34	1.0
39|34	34|39	0.5
39|34	48|	0.5
39|34	41|39	1.0
39|34	51|39	0.5
76|70	79|76.70	1.0
76|70	80|76.70	1.0
76|70	64|76	0.5
76|70	72|76	1.0
76|70	129|76	1.0
129|67.65	65|129	1.0
129|67.65	69|129.67.65	1.0
70|69.68	71|70	1.0
70|69.68	60|70	1.0
55|52.57	50|55	1.0
38|32	39|38	1.0
38|22	34|38	0.142857142857
38|22	39|38.22	1.0
42|69.73	69|42.69.73	1.0
57|62.57.59	64|57.62	0.947368421053
57|62.57.59	59|57	0.0526315789474
28|30.33.35.33.35.37	30|28.30.33.35.33.35.37	1.0
75|73	73|75	1.0
75|73	76|75.73	1.0
75|73	83|75	0.5
58|55.58	129|58	0.5
58|55.58	60|58.55	0.5
46|49	35|46	0.64
46|49	39|46	0.5
46|49	51|46	1.0
46|49	44|46	1.0
46|49	47|46.49	1.0
46|49	49|46	0.5
76|69.73	69|76	1.0
75|76	69|75	0.666666666667
75|76	129|75	1.0
75|76	68|75	0.333333333333
75|76	76|75	1.0
75|76	74|75	0.333333333333
75|76	78|75	0.333333333333
75|76	73|75	1.0
67|69.74	74|67	1.0
55|129.51	57|55	1.0
78|69	74|78	1.0
78|69	66|	1.0
62|69	67|62	0.5
62|69	69|62.69	0.9375
62|69	65|62.69	0.666666666667
62|69	69|62	0.5
62|69	66|62.69	0.05
62|69	61|62	1.0
62|69	63|62	0.5
62|69	57|62.69	1.0
62|69	65|62	1.0
62|69	64|62	1.0
129|50	57|129	1.0
129|50	42|129.50	0.5
129|50	60|129	1.0
129|50	59|129	0.0714285714286
129|50	48|129	1.0
129|50	53|129.50	1.0
129|50	43|129	0.5
129|50	54|	0.344827586207
129|50	65|129	0.5
129|50	50|129.50	0.6
129|50	45|129.50	1.0
129|50	46|129	1.0
129|50	58|129	1.0
129|50	38|129.50	0.333333333333
129|50	51|129	1.0
129|50	47|129	0.25
129|50	35|129	0.571428571429
129|50	40|129	0.333333333333
129|50	55|129	1.0
61|66	63|61	1.0
61|66	64|61.66	1.0
61|66	57|61	1.0
61|66	68|61	1.0
61|66	69|61	1.0
61|66	76|61	1.0
45|73	47|45	1.0
44|45.36	42|44	1.0
51|50.56	48|51	1.0
129|56.129	60|129	0.4
129|56.129	56|129	0.2
129|56.129	63|129	0.2
129|56.129	54|	0.2
83|76	87|83	1.0
83|76	76|83	1.0
83|76	74|83	1.0
40|34	45|40	0.333333333333
40|34	31|	0.333333333333
40|34	34|40	0.333333333333
40|34	28|	0.5
40|34	41|40	0.5
43|60	62|	0.5
43|60	59|43.60	1.0
43|60	36|43	1.0
55|53.129	56|55	1.0
35|53.35	57|35	0.0760869565217
35|53.35	40|35.53	0.0978260869565
35|53.35	53|35.53.35	0.0454545454545
35|53.35	49|35.53	0.347826086957
59|67	62|59	1.0
59|67	66|59	1.0
43|47	39|43	1.0
43|47	50|43	1.0
43|47	129|43	1.0
43|47	55|43	1.0
43|47	49|43	0.5
43|47	46|43	1.0
43|47	47|43	1.0
43|47	45|43	1.0
62|64.65	65|62	0.333333333333
62|64.65	64|62.64.65	0.666666666667
67|55	71|67	1.0
67|55	65|67	1.0
67|55	62|67	1.0
129|51.129.51.129.38	36|129	1.0
129|51.129.51.129.38	41|129	1.0
57|61	129|57.61	1.0
57|61	56|57	0.25
57|61	59|57	0.333333333333
57|61	61|57	1.0
57|61	55|57	0.333333333333
57|61	61|57.61	1.0
57|61	46|57.61	1.0
57|61	129|57	1.0
57|61	52|57	0.333333333333
57|61	54|57.61	1.0
57|61	62|57	0.333333333333
57|61	50|57	1.0
79|76	82|79.76	1.0
79|76	77|79.76	0.25
79|76	78|79	0.5
79|76	83|79	0.075
79|76	81|79.76	0.25
79|76	75|79	0.025
79|76	65|79	0.075
79|76	70|79	0.333333333333
79|76	84|79	0.05
79|76	74|79	1.0
79|76	78|79.76	1.0
79|76	85|79	1.0
79|76	77|79	0.5
79|76	129|79	0.5
79|76	72|79	0.25
79|76	76|79	0.666666666667
79|76	50|	0.025
79|	87|79	0.030303030303
79|	71|79	0.0769230769231
79|	78|79	1.0
79|	83|79	0.111111111111
79|	75|79	0.0243902439024
79|	65|79	1.0
79|	70|79	0.0909090909091
79|	84|79	0.0487804878049
79|	74|79	0.625
79|	80|79	0.4
79|	73|79	1.0
79|	85|79	1.0
79|	77|79	1.0
79|	129|79	0.25
79|	88|79	1.0
79|	69|	0.05
79|	81|79	0.222222222222
79|	72|79	0.2
79|	67|79	0.142857142857
79|	54|	0.5
79|	86|79	0.030303030303
79|	76|79	0.111111111111
79|	50|	0.00636942675159
79|	89|	0.0243902439024
79|	82|79	0.030303030303
30|34	33|30	1.0
79|81.79.77.81	76|79	1.0
44|129.44.129.49	129|44.129.44.129.49	1.0
39|46	43|39	1.0
39|46	51|39.46	1.0
39|46	50|39	0.5
39|46	38|39	0.333333333333
39|46	44|39	0.333333333333
51|36.51	44|51.36.51	0.8
51|36.51	36|51.36	0.166666666667
45|48	129|45	1.0
45|48	46|45	0.25
45|48	55|45	0.5
45|48	38|45	1.0
45|48	47|45.48	0.5
45|48	41|45	0.428571428571
45|48	36|45	0.25
45|48	48|45.48	0.5
45|48	48|45	1.0
45|48	50|45	0.8
129|29	34|129.29	1.0
129|29	29|129.29	1.0
129|29	36|129	0.375
129|29	41|129	1.0
129|29	53|129	0.5
129|29	52|129	0.5
129|29	33|129	0.25
45|38	44|45	0.5
45|38	129|45	1.0
45|38	38|45	0.666666666667
45|38	53|45	1.0
45|38	43|45	0.333333333333
45|38	50|45	1.0
51|37.51.49	37|51.37.51.49	1.0
81|79.77.76	82|81	1.0
129|33.40	57|129	1.0
76|74.73	78|76	1.0
54|64	63|54	1.0
73|63	76|73	1.0
54|53.49	50|54	1.0
88|76	92|88.76	1.0
46|129.46.129.46.129.46.129.53	129|46.129.46.129.46.129.46.129.53	1.0
37|33.35	38|37	1.0
77|76.85	73|77	1.0
40|36	43|40	0.5
40|36	42|40	1.0
40|36	24|40	0.5
74|69.71	69|74.69.71	1.0
41|33	48|41	1.0
41|129.34	129|41.129.34	1.0
47|66	62|47	0.25
47|66	63|	0.75
129|36.129.38	38|129.36	1.0
71|72.71.69	69|71.72.71.69	0.5
71|72.71.69	72|71.72	0.333333333333
81|86	78|81	1.0
47|41	36|47	1.0
47|41	48|47	1.0
47|41	42|47	1.0
81|129.79	82|81	1.0
58|60.62	57|58	0.6
58|60.62	129|58	0.4
129|53.129.48	41|129	1.0
43|38.43.37	37|43	1.0
61|64.62	59|61	1.0
129|72.129.69	67|129	1.0
66|65.61.58	65|66.65.61.58	0.75
63|61	55|63	0.111111111111
63|61	62|63	0.111111111111
63|61	61|63	0.222222222222
63|61	60|63	1.0
63|61	61|63.61	0.555555555556
63|61	68|63	1.0
63|61	129|63	0.412698412698
63|61	71|63	1.0
63|61	67|63	0.2
63|61	66|63	0.111111111111
63|61	64|63	1.0
63|61	56|63	0.222222222222
63|61	65|63	0.301587301587
67|58.67.58	58|67.58	0.333333333333
67|58.67.58	68|67	0.666666666667
58|53.55	55|58	1.0
68|70.129	65|68.70	1.0
49|129.38	129|49.129.38	1.0
79|70	67|79	1.0
79|70	77|79	1.0
60|63.68	56|60	1.0
69|77	77|69	0.5
69|77	129|69.77	1.0
69|77	72|69.77	1.0
69|77	65|69	0.5
69|77	72|69	1.0
36|48.50	48|36.48.50	1.0
66|129.59	64|66.129.59	1.0
51|24	50|51	1.0
64|65.57	65|64.65	1.0
71|75	68|71	1.0
71|75	76|71	0.166666666667
71|75	75|71	0.833333333333
71|75	78|71	0.5
67|64	56|67	1.0
67|64	73|67	0.25
67|64	72|67.64	0.75
67|64	74|67	1.0
67|64	61|67	0.5
67|64	70|67	0.333333333333
67|64	65|67	0.4
67|64	66|67.64	1.0
67|64	69|67	0.333333333333
67|64	58|67	0.2
67|64	60|67	1.0
67|64	64|67	0.4
67|64	65|67.64	1.0
67|64	63|67	0.166666666667
67|64	68|67.64	1.0
67|64	69|67.64	0.2
67|64	72|67	0.333333333333
67|64	62|67	0.333333333333
67|64	129|67	1.0
57|59.57.59	54|57	0.875
57|59.57.59	59|57.59.57.59	0.125
57|59.57.59	129|57	0.481481481481
64|59.57.59	129|64	0.0125
64|59.57.59	59|64.59.57.59	1.0
64|59.57.59	57|64	0.975
38|39.53	43|38	1.0
57|69.64.57.69	69|57	1.0
41|48	50|41	0.0833333333333
41|48	29|41.48	1.0
41|48	55|41	0.2
41|48	40|41	1.0
41|48	37|41	0.25
41|48	46|41.48	0.5
41|48	129|41	1.0
41|48	48|41	0.294117647059
41|48	45|41.48	1.0
41|48	52|41	0.5
41|48	48|41.48	0.9
41|48	43|41	1.0
41|48	46|41	0.75
41|48	53|41.48	1.0
41|48	42|41	0.0833333333333
41|48	45|41	0.2
64|71.66	68|64	1.0
62|129.63.62	60|62.129	0.2
62|129.63.62	129|62.129.63.62	1.0
62|129.63.62	86|62	0.2
55|57.58	53|55.57.58	1.0
55|57.58	57|55	0.5
59|56.61	54|59	1.0
86|89.86.89.86	89|86.89.86.89.86	1.0
86|89.86.89.86	93|86	0.5
49|36	38|49	0.0588235294118
49|36	51|49	0.235294117647
49|36	36|49	0.0588235294118
49|36	44|49	0.0588235294118
49|36	54|49	1.0
49|36	46|49.36	0.333333333333
49|36	47|49	0.0588235294118
49|36	42|49.36	0.5
79|74	81|79	0.333333333333
79|74	80|79	1.0
79|74	81|79.74	0.333333333333
79|74	82|79.74	1.0
79|74	71|79	0.5
79|74	76|79	0.666666666667
79|74	78|79	0.5
79|74	77|79	0.5
79|74	74|79	0.625
79|74	83|79	1.0
28|30.28.30.28.30.33	30|28.30.28.30.28.30.33	0.888888888889
129|48.50	50|129.48	1.0
129|48.50	53|129.48	1.0
41|48.45	129|41	1.0
51|39.44.38	36|51	0.8
51|39.44.38	38|51.39	0.2
74|75.70	75|74.75	1.0
59|61	57|59	0.2
59|61	54|59	0.2
59|61	63|59	0.4
59|61	62|59	0.285714285714
59|61	52|59	1.0
59|61	61|59.61	0.444444444444
59|61	51|59	0.2
59|61	56|59	0.555555555556
59|61	58|59.61	0.0714285714286
76|77.76	79|76.77	0.0625
76|77.76	77|76.77.76	0.4
76|77.76	72|76	0.25
76|77.76	74|76.77	0.375
67|129.67.66	129|67.129.67.66	1.0
88|86	89|88.86	0.8125
88|86	81|88	0.0625
88|86	86|88	0.125
44|40	46|44	0.5
44|40	45|44	0.2
44|40	49|44	1.0
44|40	36|44	0.25
44|40	42|44	0.2
44|40	129|44	0.25
44|40	40|44	0.2
44|40	48|	0.2
44|40	47|44	0.2
69|70.71	72|69.70	1.0
69|70.71	60|69	0.5
69|70.71	68|69	0.5
42|38.42	38|42.38	1.0
41|38	42|41	1.0
41|38	36|41	1.0
41|38	39|41	0.5
41|38	26|41	1.0
41|38	48|41	0.5
41|38	46|41	0.666666666667
41|38	47|41	1.0
41|38	34|41	1.0
58|59	59|58	0.333333333333
58|59	48|58	0.0769230769231
58|59	61|58.59	1.0
58|59	69|58	0.2
58|59	57|58	0.111111111111
58|59	53|58	0.461538461538
58|59	65|58	0.0769230769231
58|59	54|58	0.111111111111
58|59	129|58	0.2
58|59	64|58	0.111111111111
58|59	57|58.59	1.0
58|59	55|58	0.153846153846
58|59	56|58.59	1.0
58|59	49|58	0.5
58|59	63|58	0.5
43|25	49|43	1.0
50|49.44	52|50.49	1.0
64|61	69|64	0.8
64|61	57|64	1.0
64|61	59|64	0.444444444444
64|61	61|64	0.5
64|61	70|64	1.0
64|61	69|64.61	0.8
64|61	65|64	0.25
64|61	67|64.61	0.2
64|61	62|64	0.4
64|61	66|64	0.1
64|61	63|64	0.0555555555556
64|61	61|64.61	1.0
64|61	67|64	0.25
64|61	68|64	0.4
64|61	71|64.61	1.0
64|61	55|64	0.0555555555556
91|89	93|91	1.0
76|77.65	75|76	1.0
58|55.56	57|58	1.0
74|58	62|74	1.0
78|71	66|	0.133333333333
78|71	81|78	0.8
78|71	71|78	1.0
78|71	82|78	0.0666666666667
79|78.129	80|79	0.5
79|78.129	78|79	0.5
45|129.50	129|45.129	1.0
129|66	79|129	0.153846153846
129|66	73|129	0.5
129|66	59|129	1.0
129|66	62|129	0.4
129|66	58|129	1.0
129|66	68|129	0.5
129|66	74|129	0.230769230769
129|66	69|129	0.333333333333
129|66	69|129.66	1.0
129|66	81|129	1.0
129|66	66|129.66	0.25
129|66	64|129	0.5
129|66	65|129	0.25
129|66	71|129	0.125
129|66	86|129	0.0555555555556
129|66	67|129.66	0.5
68|67.65	70|68.67.65	1.0
63|61.59	59|63	1.0
28|30.28.43	29|28	1.0
38|36.31	26|	1.0
74|75.74	70|74	0.333333333333
74|75.74	72|74.75.74	0.5
60|61.60	61|60	1.0
60|61.60	56|60	0.25
60|61.60	59|60.61	0.5
60|61.60	65|60	0.5
60|61.60	58|60	0.75
40|54.56	49|40	1.0
77|79.76.81	79|77.79	1.0
40|42.40	47|40	1.0
89|86.89.86	85|	0.333333333333
89|86.89.86	86|89.86.89.86	0.5
83|95.90	93|83	0.5
83|95.90	79|83	0.5
53|38	38|53.38	1.0
53|38	44|53.38	1.0
57|61.57	61|57.61	1.0
44|43.42	37|44	1.0
67|74	65|67	1.0
67|74	76|67	0.333333333333
67|74	64|67.74	0.5
67|74	71|67	1.0
67|74	73|67	1.0
67|74	72|67	0.333333333333
67|74	129|67.74	1.0
67|74	66|67.74	0.666666666667
67|74	69|67	0.333333333333
67|74	69|67.74	0.333333333333
67|74	68|67.74	1.0
45|49.45	54|45	0.333333333333
45|49.45	52|45.49	0.333333333333
45|49.45	50|45	0.333333333333
48|56	57|48	1.0
48|56	49|48	1.0
71|59	64|71	1.0
71|59	59|71	0.5
71|59	66|71	0.5
46|45.46	48|46	1.0
46|45.46	58|46	0.5
46|45.46	50|46	0.5
67|75	65|67.75	1.0
67|75	76|67	1.0
74|76.72.67	77|74	1.0
57|69	64|57.69	1.0
57|69	61|57	1.0
57|69	69|57	1.0
57|69	66|57	1.0
79|84	76|79	1.0
43|40	129|43.40	1.0
43|40	45|43.40	1.0
43|40	40|43	0.666666666667
43|40	41|43	1.0
43|40	48|43	1.0
43|40	46|43	0.5
43|40	47|43	1.0
43|40	44|43	0.5
43|40	38|43.40	1.0
129|34.41	39|129	0.461538461538
129|34.41	41|129.34.41	1.0
129|34.41	34|129.34	0.0769230769231
51|59	59|51	1.0
51|59	129|51.59	1.0
49|50.62	52|49	1.0
83|87	95|83	1.0
62|45	61|62.45	1.0
129|70.129.69	72|129.70	0.375
129|70.129.69	60|129	0.25
129|70.129.69	74|129.70	0.625
129|70.129.69	67|129.70	0.25
129|70.129.69	65|129	0.25
129|70.129.69	70|129.70	0.25
63|67	64|63.67	0.5
63|67	69|63	0.5
63|67	60|63.67	0.1
63|67	62|63	1.0
63|67	70|63	0.222222222222
63|67	65|63	1.0
63|67	58|63	0.222222222222
63|67	68|63	0.333333333333
63|67	64|63	0.333333333333
63|67	59|63	1.0
63|67	129|63	0.111111111111
63|67	67|63	1.0
63|67	65|63.67	1.0
63|67	56|63	0.333333333333
88|89.86	89|88.89.86	0.5
38|39.35	53|38	1.0
58|129	67|58.129	1.0
58|129	62|58.129	1.0
58|129	57|58	1.0
58|129	60|58	1.0
58|129	56|58	0.25
58|129	61|58	1.0
58|129	63|58	1.0
58|129	129|58	0.8
58|129	64|58	1.0
58|129	60|58.129	1.0
58|129	46|58	1.0
31|38	33|31	0.333333333333
31|38	43|31	0.5
31|38	34|31	0.25
31|38	35|31	0.25
31|38	36|31	1.0
50|129.48	129|50.129.48	1.0
60|71	69|60	1.0
60|71	58|60	1.0
69|72.76	64|69.72	0.25
69|72.76	67|69	0.75
57|56.129	47|57	1.0
72|67	69|72	0.5
72|67	70|72.67	0.666666666667
72|67	73|72	0.5
72|67	65|72	0.5
72|67	129|72	0.25
72|67	67|72	1.0
72|67	76|72.67	0.375
72|67	71|72	0.375
72|67	66|72	0.307692307692
72|67	75|72	1.0
72|67	74|72	1.0
84|81.84	86|84	1.0
67|129.76	71|67	1.0
74|65	58|74	0.25
74|65	62|74	1.0
74|65	72|74	1.0
74|65	65|74	1.0
65|	52|	0.0208333333333
65|	86|65	1.0
65|	70|65	0.0309278350515
65|	55|65	0.0434782608696
65|	79|65	1.0
65|	58|65	0.020618556701
65|	60|65	0.0769230769231
65|	51|65	1.0
65|	49|65	0.5
65|	75|65	0.0103092783505
65|	129|65	0.0515463917526
65|	64|65	0.5625
65|	71|65	0.0882352941176
65|	76|65	1.0
65|	59|65	0.0277777777778
65|	45|	0.333333333333
65|	56|65	0.0927835051546
65|	48|65	0.25
65|	63|65	0.360824742268
65|	72|65	0.0277777777778
65|	67|65	0.237113402062
65|	57|65	0.0434782608696
65|	77|65	0.5
65|	62|65	0.0309278350515
65|	53|65	0.5
65|	69|65	0.0434782608696
65|	73|65	0.0277777777778
65|	81|	0.0196078431373
65|	66|65	1.0
65|	46|	0.0833333333333
65|	54|65	1.0
65|	82|65	1.0
65|	61|65	0.5
65|	50|	0.0833333333333
65|	68|65	0.164948453608
65|	74|65	0.428571428571
60|59.64	56|60	1.0
59|70	71|59	1.0
85|89.88	89|85.89.88	1.0
50|52.53.52.50.41	46|50	1.0
60|59.57	57|60	0.142857142857
60|59.57	59|60	1.0
60|59.57	62|60	0.714285714286
43|57	52|43	1.0
43|57	46|43	1.0
73|78	70|73	0.25
73|78	78|73	1.0
73|78	71|73	0.125
93|91	91|93	1.0
93|91	83|93	1.0
80|88	83|80.88	1.0
80|88	81|80	1.0
51|129.49.129.51	129|51.129.49.129.51	1.0
42|39	36|42	1.0
42|39	41|42	1.0
49|35.40	35|49.35.40	1.0
49|35.40	46|49	0.25
59|61.56	51|59	1.0
74|75.77	77|74.75	0.333333333333
74|75.77	75|74.75	0.666666666667
74|75.77	67|74	0.333333333333
74|75.77	79|74	0.666666666667
31|36.31.36	35|31	0.5
31|36.31.36	43|31	0.5
65|75	67|65	1.0
65|75	70|65	0.5
65|75	74|65	0.5
70|65.69	63|70	0.5
70|65.69	74|70	0.5
70|65.69	69|70.65.69	1.0
47|42	43|47	0.5
47|42	40|47	0.5
47|42	50|47	1.0
47|42	46|47	1.0
47|42	45|47	0.5
47|42	35|47.42	1.0
47|42	48|47	1.0
56|59	57|56	0.5
56|59	61|56	0.333333333333
56|59	59|56	0.333333333333
56|59	58|56	0.5
56|59	54|56	1.0
56|59	53|56	0.5
56|59	52|56	0.5
56|59	55|56.59	1.0
56|59	50|56	0.111111111111
88|100	90|88	0.125
88|100	93|88	0.25
88|100	99|	0.5
88|100	92|88.100	1.0
33|35.37	35|33.35.37	1.0
88|87	129|88	0.166666666667
88|87	83|88	0.333333333333
88|87	90|88	0.333333333333
88|87	92|88	0.333333333333
88|87	87|88	0.333333333333
88|87	89|88	0.333333333333
88|87	85|88	0.166666666667
52|49	46|52	0.166666666667
52|49	47|52	0.111111111111
52|49	56|52	0.333333333333
52|49	57|52	0.111111111111
52|49	45|52	1.0
52|49	50|52	0.333333333333
52|49	55|52	0.25
52|49	49|52	0.5
52|49	54|52	0.333333333333
52|49	40|52	0.25
86|	62|86	1.0
86|	88|86	0.225352112676
86|	89|86	0.210526315789
86|	78|	0.5
86|	76|86	0.5
86|	84|86	0.6
86|	77|86	1.0
86|	72|86	1.0
86|	90|	0.0833333333333
86|	74|	1.0
86|	85|86	1.0
86|	81|86	0.5
86|	93|86	1.0
86|	91|	0.157894736842
86|	82|86	0.166666666667
86|	83|86	0.5
86|	129|86	0.0422535211268
86|	87|	0.0281690140845
86|	79|	1.0
86|	61|	0.0555555555556
42|56	49|42	0.5
42|56	48|42	0.5
129|48.129.47	48|129.48	1.0
76|73.81	81|76	1.0
35|44	129|35	1.0
35|44	42|35	1.0
35|44	34|35	1.0
35|44	38|35	1.0
53|129	56|53	0.5
53|129	45|53	0.333333333333
53|129	58|53	1.0
53|129	48|53.129	1.0
53|129	46|53	0.285714285714
53|129	55|53	0.333333333333
53|129	55|53.129	1.0
53|129	129|53.129	1.0
74|79	77|74	0.444444444444
74|79	83|74	1.0
74|79	129|74	1.0
74|79	72|74.79	0.333333333333
74|79	71|74	0.2
74|79	76|74.79	0.4
74|79	73|74	0.666666666667
74|79	79|74	0.4
129|35.129.35.129.35	50|129	1.0
64|66.64.66	61|64.66	0.555555555556
64|66.64.66	62|64	0.444444444444
75|67	67|75	1.0
75|67	74|75.67	1.0
42|129.43	129|42.129.43	0.5
34|36	36|34	0.2
34|36	39|34	0.666666666667
34|36	45|34	0.4
34|36	31|34	0.5
34|36	33|34	0.833333333333
34|36	44|34	0.166666666667
34|36	35|34	0.4
38|42.37	33|38	1.0
38|33.45	31|38	1.0
71|74.75	67|71	1.0
51|63	67|	1.0
51|63	56|51	1.0
51|63	63|51	1.0
55|66	58|55	1.0
79|81.78	82|79	1.0
81|77.79	80|81	1.0
56|63.58	61|56.63.58	1.0
83|95.94	82|83	1.0
47|63	63|	0.5
47|63	51|47	0.5
50|129.42	45|50	1.0
75|129.77.129	74|75.129.77.129	1.0
38|53.39	39|38.53.39	0.142857142857
129|28	28|129	1.0
129|28	36|129	0.5
129|28	33|129	0.5
46|45	129|46.45	1.0
46|45	38|46	0.714285714286
46|45	43|46	1.0
46|45	50|46	0.125
46|45	47|46	1.0
46|45	47|46.45	1.0
46|45	49|46	1.0
46|45	48|46	1.0
46|45	45|46.45	0.5
46|45	58|46	0.125
46|45	59|46	0.125
77|76.77.84	70|77	1.0
44|33	37|44	0.5
44|33	46|44.33	1.0
44|33	42|44	0.5
43|41.39	39|43	1.0
59|49	55|59	1.0
65|64.67.65	62|65	0.25
65|64.67.65	74|65	0.75
65|67.65.68	63|65	1.0
68|65.61	65|68.65.61	1.0
68|65.61	72|68	0.5
48|45.48	52|48	0.5
48|45.48	41|48.45	0.5
129|63.62	62|129.63.62	0.2
129|63.62	63|129.63	1.0
32|44	49|	1.0
32|44	47|32	1.0
36|33	37|36	1.0
36|33	46|36	0.142857142857
36|33	41|36	0.428571428571
36|33	40|36	0.142857142857
36|33	21|	1.0
36|33	34|36	0.142857142857
36|33	33|36	0.142857142857
54|52.40	56|54	1.0
74|76.74	66|74	0.5
74|76.74	78|74	0.25
74|76.74	73|74	0.25
74|76.74	71|74	1.0
74|76.74	72|74	1.0
74|76.74	76|74.76	1.0
78|90	90|78	0.111111111111
78|90	71|78	0.111111111111
78|90	82|78	0.333333333333
78|90	83|78	0.222222222222
78|90	79|78	0.222222222222
69|68.77	79|69	1.0
39|44.38	51|39.44.38	0.2
82|79.74	86|82	1.0
36|21	38|36	1.0
129|31	31|129	0.454545454545
129|31	34|129.31	1.0
129|31	33|129	0.09375
129|31	29|129	0.5
129|31	30|129	0.09375
129|31	35|129	0.5
129|31	36|129.31	1.0
129|31	38|129.31	0.1875
83|95.87	95|83	0.2
83|95.87	92|	0.2
83|95.87	90|83	0.6
46|53.51	129|46.53	1.0
41|39.40	43|41.39	1.0
79|80	77|79.80	0.75
79|80	80|79	0.25
79|80	72|79	0.5
79|80	82|79.80	1.0
79|80	78|79	0.75
79|80	77|79	0.25
79|80	129|79	0.5
79|80	75|79	0.125
79|80	85|79	0.125
79|80	69|	0.333333333333
129|46.129.44.129.44.129.44.129.44.129.49	44|129.46.129.44.129.44.129.44.129.44.129.49	1.0
76|77.79.81.82	78|76	1.0
51|39.51	39|51	0.333333333333
51|39.51	36|51	0.333333333333
51|39.51	38|51.39.51	1.0
83|79	79|83	0.5
83|79	76|83	0.5
83|79	71|83.79	0.333333333333
83|79	78|83	0.5
83|79	74|83	0.5
83|79	84|83	1.0
83|79	86|83	1.0
35|39	31|35	0.5
35|39	43|35	0.5
35|33.48	36|35.33.48	1.0
60|64.67	63|60	1.0
30|28.30.33	33|30	0.0434782608696
30|28.30.33	32|30	0.130434782609
30|28.30.33	28|30.28.30.33	1.0
51|41	33|51.41	1.0
51|41	37|51.41	1.0
64|65	65|64.65	0.375
64|65	59|64	0.333333333333
64|65	61|64	1.0
64|65	66|64	0.25
64|65	70|64	0.157894736842
64|65	58|64	0.333333333333
64|65	62|64	1.0
64|65	129|64	0.333333333333
64|65	62|64.65	0.375
64|65	63|64	1.0
64|65	67|64	0.111111111111
64|65	72|64	0.0526315789474
64|65	63|64.65	0.333333333333
64|65	85|	0.0714285714286
64|65	60|64	0.333333333333
62|69.57	57|62.69	1.0
68|46	50|	1.0
66|67.65	129|66.67	1.0
39|38.51.44	53|39.38	0.5
39|38.51.44	36|39.38.51.44	1.0
39|38.51.44	44|39	0.25
39|38.51.44	38|39.38	0.125
129|48.129	55|129.48	1.0
48|129.51	50|48	1.0
129|42.129.46	57|129	0.0588235294118
129|42.129.46	42|129.42	0.928571428571
129|42.129.46	46|129.42.129.46	1.0
129|42.129.46	49|129	0.0357142857143
129|42.129.46	35|129	0.0588235294118
129|42.129.46	46|129	0.0333333333333
72|71.69.67	69|72	0.25
72|71.69.67	64|72	0.25
72|71.69.67	67|72	0.25
72|71.69.67	71|72.71.69	0.25
39|38.53.39	36|39	0.857142857143
39|38.53.39	59|	0.142857142857
67|68.67	68|67	1.0
129|67.62	65|129	1.0
129|67.62	67|129.67	1.0
129|69.129.67	70|129.69	1.0
129|69.129.67	66|129.69	1.0
129|69.129.67	72|129	0.153846153846
129|69.129.67	67|129.69	0.0769230769231
129|69.129.67	74|129.69	0.461538461538
55|53.48	56|55	1.0
55|53.48	57|55	1.0
39|27	34|39	1.0
70|129.69	129|70.129.69	1.0
70|129.69	72|70.129.69	1.0
63|62.63.72	75|63	1.0
45|46	46|45.46	0.2
45|46	49|45	1.0
45|46	44|45	0.333333333333
45|46	129|45	0.25
45|46	38|45	0.5
45|46	43|45.46	1.0
45|46	40|45	0.25
45|46	41|45	0.5
45|46	43|45	0.4
45|46	50|45	1.0
129|49.51	47|129	1.0
37|47	45|	1.0
129|90	79|129	1.0
69|57	61|69	0.333333333333
69|57	62|69.57	1.0
69|57	74|69	1.0
69|57	67|69	0.666666666667
62|61.60	63|62	1.0
64|58	67|64	0.5
64|58	65|64	0.5
64|58	63|64	0.5
64|58	55|64	0.25
64|58	58|64	1.0
64|58	60|64	0.25
69|67.60	72|69.67	1.0
74|72.84	75|74	1.0
129|46.62	51|129	1.0
129|46.63	62|129	0.333333333333
129|46.63	46|129	0.666666666667
37|44.49	25|	1.0
76|78.74	74|76.78	0.333333333333
76|78.74	79|76.78	0.666666666667
36|37.43	48|36	0.5
36|37.43	35|36	0.5
38|129.51	129|38.129.51	1.0
26|23	27|26	1.0
70|68.65	63|70	0.333333333333
70|68.65	68|70.68	0.333333333333
70|68.65	68|70	0.5
70|68.65	71|70	0.5
70|68.65	72|70.68.65	1.0
129|67.66.67	69|129.67	1.0
69|68.69.71	72|69	1.0
32|39	36|32	0.178571428571
32|39	39|	0.571428571429
32|39	30|32	0.0357142857143
32|39	129|32	0.0357142857143
32|39	37|32	0.178571428571
33|37.33	36|33	1.0
77|74	80|77	0.285714285714
77|74	82|77	0.0454545454545
77|74	71|77	0.0454545454545
77|74	64|77	0.136363636364
77|74	129|77	0.8
77|74	75|77	0.2
77|74	79|77.74	1.0
77|74	66|	0.2
77|74	79|77	0.0909090909091
77|74	55|77	1.0
77|74	70|77	0.285714285714
77|74	74|77	1.0
77|74	68|77	0.0454545454545
77|74	76|77.74	1.0
77|74	81|77.74	0.2
77|74	75|77.74	1.0
77|74	74|77.74	0.4
60|68	61|60	1.0
60|68	65|60	1.0
79|77.81	76|79	0.6
79|77.81	81|79.77.81	1.0
36|42.57	42|36.42.57	1.0
64|62	129|64	1.0
64|62	71|64	0.2
64|62	61|64.62	0.5
64|62	73|64	0.111111111111
64|62	63|64	0.285714285714
64|62	57|64.62	0.96
64|62	69|64	1.0
64|62	59|64	0.05
64|62	76|64	0.111111111111
64|62	62|64.62	0.444444444444
64|62	67|64	0.285714285714
64|62	65|64.62	0.625
64|62	68|64	1.0
64|62	55|64	0.166666666667
64|62	58|64	0.333333333333
64|62	66|64.62	0.333333333333
64|62	60|64	0.25
52|53.56	51|52	1.0
70|68	73|70	0.2
70|68	58|70	0.5
70|68	68|70.68	0.142857142857
70|68	63|70	0.0454545454545
70|68	71|70	0.0454545454545
70|68	67|70	0.0909090909091
70|68	64|70	1.0
70|68	73|70.68	1.0
70|68	129|70	0.2
70|68	72|70.68	1.0
70|68	68|70	0.2
47|52	50|47	1.0
47|52	40|47	1.0
47|52	52|47	0.5
47|52	44|47	1.0
47|52	48|47.52	0.571428571429
47|52	51|47	1.0
46|62	53|46	0.666666666667
46|62	50|46	1.0
46|62	54|46	0.333333333333
46|62	62|46	0.571428571429
46|62	129|46.62	1.0
72|74.67	74|72.74	1.0
46|35.46.40	35|46.35.46.40	1.0
48|45	54|48	1.0
48|45	46|48	0.0454545454545
48|45	45|48	0.5
48|45	52|48	0.227272727273
48|45	129|48	0.4
48|45	53|48.45	1.0
48|45	46|48.45	1.0
48|45	41|48.45	1.0
48|45	41|48	0.2
48|45	33|48	0.5
60|59.60.57	62|60.59	1.0
129|53.129.48.129.53	46|129.53	1.0
43|29	36|43	1.0
60|55.52	64|60	1.0
55|56.58	51|55	0.5
55|56.58	52|55	1.0
55|56.58	56|55.56	0.5
32|31.39	44|32	1.0
38|	41|38	0.037037037037
38|	39|38	0.148148148148
38|	52|38	0.5
38|	26|	0.16
38|	45|38	0.142857142857
38|	49|38	0.0416666666667
38|	23|38	1.0
38|	40|38	0.111111111111
38|	36|38	0.185185185185
38|	55|38	1.0
38|	129|38	0.0740740740741
38|	37|38	0.0416666666667
38|	44|38	0.0416666666667
38|	33|38	0.0327868852459
38|	57|	0.142857142857
38|	60|	0.142857142857
38|	53|38	0.333333333333
38|	22|38	1.0
38|	34|38	0.025641025641
38|	50|38	0.428571428571
38|	48|38	0.037037037037
38|	43|38	1.0
38|	47|38	1.0
38|	51|38	0.1
38|	35|38	0.147540983607
38|	69|38	0.0882352941176
38|	42|38	0.037037037037
38|	31|38	0.333333333333
38|	32|	0.016393442623
38|	46|38	0.333333333333
38|	30|	0.04
38|	28|	0.037037037037
43|35	39|43	1.0
43|35	36|43.35	1.0
58|56.129	56|58	1.0
48|43.48	43|48.43.48	0.5
79|81.79.76	76|79	1.0
60|61.62	53|60	0.8
60|61.62	59|60.61	0.2
66|62.64	64|66.62	0.666666666667
66|62.64	60|66	0.5
66|62.64	62|66.62	0.5
66|62.64	72|66	0.333333333333
53|52.48	57|53.52	0.5
53|52.48	55|53	0.5
129|87	86|129	1.0
74|71	78|74	1.0
74|71	129|74.71	0.2
74|71	76|74	0.4
74|71	83|74	0.5
74|71	71|74	0.2
74|71	73|74.71	1.0
74|71	67|74	0.5
74|71	77|74.71	1.0
74|71	69|74	0.125
74|71	72|74.71	0.2
74|71	79|74	0.5
60|55	46|60	1.0
60|55	58|60	1.0
60|55	57|60	0.5
60|55	39|	0.5
60|55	55|60	0.333333333333
60|55	67|60	0.333333333333
60|55	64|60.55	0.666666666667
60|55	52|60	0.0909090909091
60|55	63|60	0.5
60|55	50|60	1.0
60|55	59|60.55	0.5
60|55	61|60	0.666666666667
60|55	48|60	1.0
60|55	45|60	1.0
60|55	64|60	0.181818181818
60|55	62|60	0.5
57|43	42|57	1.0
44|43.39	56|44	0.333333333333
44|43.39	46|44	0.666666666667
129|	59|129	0.2
129|	78|129	0.4
129|	88|129	1.0
129|	48|129	0.0588235294118
129|	69|129	0.133333333333
129|	29|129	0.4
129|	52|129	0.03125
129|	26|129	1.0
129|	47|129	0.117647058824
129|	70|129	0.571428571429
129|	30|129	0.444444444444
129|	61|129	0.5
129|	82|129	0.333333333333
129|	42|129	0.0735294117647
129|	32|129	0.333333333333
129|	35|129	0.0808823529412
129|	64|129	0.181818181818
129|	38|129	0.0147058823529
129|	57|129	0.0833333333333
129|	127|	1.0
129|	50|129	0.0220588235294
129|	81|129	1.0
129|	41|129	0.161764705882
129|	72|129	0.0666666666667
129|	67|129	0.142857142857
129|	84|129	0.111111111111
129|	71|129	0.333333333333
129|	54|	0.166666666667
129|	49|129	0.0294117647059
129|	85|	0.0632911392405
129|	58|129	0.285714285714
129|	37|129	0.00735294117647
129|	55|129	0.5625
129|	89|	0.0381679389313
129|	91|129	1.0
129|	44|129	0.0441176470588
129|	77|129	0.0277777777778
129|	62|129	0.333333333333
129|	83|129	0.2
129|	43|129	0.0955882352941
129|	34|129	0.0441176470588
129|	65|129	0.0666666666667
129|	86|129	0.8
129|	56|129	0.142857142857
129|	79|129	0.00763358778626
129|	68|129	0.333333333333
129|	74|129	0.166666666667
129|	28|129	0.0294117647059
129|	75|129	0.1875
129|	53|129	0.0909090909091
129|	90|	0.0379746835443
129|	46|129	0.0735294117647
129|	31|129	0.0277777777778
129|	60|129	0.0666666666667
129|	36|129	0.0220588235294
129|	39|129	0.0367647058824
129|	33|129	0.0735294117647
129|	93|	1.0
129|	45|129	0.0661764705882
129|	76|129	0.5
129|	87|	0.0534351145038
129|	63|129	0.285714285714
129|	51|129	0.00735294117647
129|	80|129	0.6
129|	40|129	0.0882352941176
129|	73|129	1.0
129|	66|129	0.133333333333
53|51	59|53	1.0
53|51	129|53	0.666666666667
53|51	50|53	0.333333333333
53|51	46|53.51	0.357142857143
53|51	41|53	0.333333333333
53|51	56|53.51	1.0
53|51	54|53	0.214285714286
53|51	47|53	0.2
53|51	61|53	1.0
53|51	58|53	0.285714285714
53|51	55|53.51	0.142857142857
53|51	46|53	0.2
53|51	51|53	0.142857142857
53|51	38|53	1.0
53|51	55|53	1.0
129|46.129.46.129.46.129.53	46|129.46.129.46.129.46.129.53	1.0
72|76.79	67|72	1.0
59|62.61.59	56|59.62	1.0
129|57.58	53|129	0.5
129|57.58	57|129.57	0.5
78|75.78	81|78	1.0
61|59.57.61.52	62|61	1.0
57|56.59.62	59|57.56	1.0
59|39.38.55	36|59	1.0
77|79.77	74|77.79	0.5
77|79.77	75|77.79	0.2
77|79.77	64|77	0.1
77|79.77	69|77	1.0
77|79.77	79|77.79	0.2
24|52	51|24	1.0
67|70	63|67	0.75
67|70	72|67.70	1.0
67|70	61|67	0.5
67|70	63|67.70	1.0
67|70	68|67	0.333333333333
67|70	74|67	0.5
67|70	69|67.70	0.5
67|70	70|67	0.5
67|70	73|67	0.5
67|70	76|67	0.0666666666667
67|70	64|67	0.6
67|70	65|67	0.666666666667
67|70	65|67.70	1.0
67|70	68|67.70	1.0
67|70	60|67	0.25
67|70	69|67	0.333333333333
129|69.66	67|129.69	1.0
78|	87|78	1.0
78|	83|78	0.142857142857
78|	74|78	0.230769230769
78|	82|78	0.25
78|	70|78	1.0
78|	79|78	0.333333333333
78|	91|	0.2
78|	75|78	0.230769230769
78|	86|	0.166666666667
78|	81|78	0.333333333333
78|	71|78	0.2
78|	129|78	0.0384615384615
78|	66|	0.0819672131148
78|	63|78	1.0
78|	90|78	0.142857142857
78|	80|78	0.0277777777778
78|	76|78	0.333333333333
78|	67|78	1.0
78|	72|78	0.0243902439024
78|	88|78	1.0
78|	77|78	0.0238095238095
78|	92|78	1.0
78|	69|78	0.0983606557377
78|	73|78	0.461538461538
88|71	69|88	0.125
88|71	91|88	0.125
88|71	92|88	0.75
67|68	66|67	0.25
67|68	70|67	1.0
67|68	65|67	0.5
67|68	75|67	0.08
67|68	60|67	0.25
67|68	64|67	1.0
67|68	65|67.68	0.571428571429
67|68	68|67	0.107142857143
67|68	63|67	0.375
67|68	79|67	0.75
67|68	58|67.68	0.321428571429
67|68	72|67	0.5
67|68	62|67	0.125
67|68	129|67	0.1
67|65.63.62.60	68|67.65.63.62.60	1.0
51|36.39.36	55|51	1.0
49|50.33	40|49	1.0
70|72	58|70	0.2
70|72	64|70	0.8
70|72	68|70	0.5
70|72	63|70	0.166666666667
70|72	68|70.72	0.125
70|72	69|70.72	0.875
70|72	67|70.72	0.0833333333333
70|72	55|70	0.333333333333
70|72	67|70	0.333333333333
70|72	72|70	0.333333333333
70|72	62|70	0.25
70|72	129|70	0.5
70|72	77|70	0.3
70|72	66|70	1.0
70|72	73|70	0.166666666667
70|72	129|70.72	0.25
70|72	74|70	1.0
70|72	65|70	0.0833333333333
70|72	72|70.72	0.0833333333333
70|72	69|70	0.5
70|72	75|70	0.25
43|50	46|43	1.0
43|50	35|43	1.0
43|50	48|43	1.0
43|50	55|43	1.0
43|50	47|43	0.4
43|50	129|43.50	1.0
43|50	31|43	1.0
43|50	45|43	1.0
86|82	72|86	0.2
86|82	85|86	0.6
86|82	84|86	1.0
59|53	54|59	1.0
59|53	55|59	1.0
59|53	62|59	1.0
59|53	53|59	0.666666666667
59|53	60|59	0.333333333333
59|53	50|59	1.0
74|67.71	73|74	1.0
57|55.41	48|57	1.0
35|49.35.53	53|35	1.0
55|72	57|55	1.0
70|74.77	82|70	0.5
70|74.77	69|70.74	0.5
48|29	53|48	1.0
57|60.62.60.57.59	60|57.60	1.0
46|34.46.34	39|46	0.333333333333
46|34.46.34	51|46	0.333333333333
46|34.46.34	41|46	0.333333333333
37|40	35|37	0.75
37|40	36|37	0.25
37|40	33|37	1.0
35|33.30	33|35.33.30	0.136363636364
69|71.76	71|69.71.76	1.0
54|49.47	129|54	1.0
58|129.58	63|58	1.0
83|93	84|83.93	1.0
83|93	81|83.93	1.0
83|93	78|83	0.666666666667
55|48	53|55	1.0
55|48	43|55	1.0
55|48	51|55	1.0
55|48	56|55	1.0
55|48	57|55	0.333333333333
55|48	54|55	0.5
55|48	47|55	0.333333333333
55|48	48|55	1.0
55|48	60|55	0.5
55|48	52|55	0.333333333333
55|48	59|55	0.5
78|77	77|78.77	0.5
78|77	79|78.77	1.0
78|77	80|78	0.5
78|77	71|78	0.5
78|77	63|78	0.25
78|77	73|78	0.5
78|77	79|78	1.0
66|71.69.54	54|66	0.5
66|71.69.54	71|66	0.5
55|56	50|55	0.25
55|56	54|55	1.0
55|56	58|55.56	1.0
55|56	60|55	0.333333333333
55|56	53|55	0.833333333333
55|56	57|55	0.5
55|56	61|55	0.25
55|56	56|55.56	0.142857142857
55|56	72|	0.166666666667
55|56	43|55	0.2
55|56	66|55	0.142857142857
55|56	62|55	1.0
55|56	129|55	0.166666666667
55|56	51|55	0.125
55|56	48|55	0.666666666667
88|81	91|88	1.0
88|81	86|88.81	0.666666666667
44|31	29|44	1.0
60|62.63	58|60.62	1.0
51|50.48.57	42|51	1.0
74|71.69	72|74.71.69	1.0
74|71.69	76|74	0.5
74|71.69	71|74	1.0
37|32	34|37	0.25
37|32	36|37	1.0
37|32	30|37	0.5
37|32	33|37.32	1.0
76|79.78	77|76.79.78	1.0
68|56	71|68	1.0
68|56	72|68	1.0
68|56	66|68	1.0
69|74.69.129	74|69	1.0
63|61.63.65.63	65|63	1.0
44|51.53	51|44	1.0
77|76.74.70	73|77	1.0
70|68.80	71|70	1.0
47|58	59|47	1.0
70|65.69.70.65	69|70.65.69.70.65	1.0
89|85	85|	0.444444444444
89|85	88|89	0.148148148148
89|85	86|89.85	1.0
35|62	30|35	1.0
40|35.49.40	35|40.35.49.40	1.0
45|44.49	50|45.44	1.0
48|50	47|48	0.666666666667
48|50	44|48	0.5
48|50	43|48	1.0
48|50	45|48	0.5
48|50	59|	0.2
48|50	39|48	0.166666666667
48|50	36|48.50	1.0
48|50	51|48	1.0
48|50	53|48.50	0.2
48|50	60|48	0.166666666667
48|50	58|48	0.25
48|50	55|48	0.166666666667
48|50	41|48.50	1.0
48|50	46|48	1.0
48|50	129|48.50	1.0
48|50	52|48	0.1
48|50	46|48.50	0.75
48|50	50|48	0.333333333333
48|50	34|48	1.0
48|50	40|	0.142857142857
48|54	49|48	1.0
129|38.129.50	31|129	0.5
129|38.129.50	40|129	0.5
52|53	50|52	0.833333333333
52|53	57|52	0.5
52|53	43|52	1.0
52|53	55|52	0.666666666667
52|53	49|52	0.333333333333
52|53	58|52	0.333333333333
52|53	60|52	0.5
52|53	51|52	0.5
52|53	129|52	0.166666666667
52|53	64|52	0.25
52|53	50|52.53	1.0
52|53	53|52.53	0.333333333333
52|53	56|52	0.166666666667
52|53	45|52	0.166666666667
37|35.33	44|37	1.0
37|35.33	28|37	1.0
73|69.73	69|73	1.0
47|129	41|47	0.5
47|129	52|47	0.5
47|129	129|47	1.0
69|129.65	129|69.129	1.0
46|45.29	41|46	1.0
37|32.40.42	44|37	1.0
44|51.39.59	59|44	1.0
48|24	43|48	0.333333333333
48|24	36|48	0.666666666667
57|55	56|57	0.25
57|55	71|	0.333333333333
57|55	60|57	0.5
57|55	50|57	0.5
57|55	48|57	0.111111111111
57|55	62|57	0.75
57|55	52|57	0.111111111111
57|55	55|57.55	1.0
57|55	62|57.55	1.0
57|55	58|57.55	1.0
57|55	61|57	0.285714285714
57|55	45|57	1.0
57|55	59|57.55	0.5
57|55	53|57	1.0
57|55	76|	0.333333333333
57|55	67|57	0.333333333333
57|55	54|57	1.0
71|68.64	68|71	1.0
71|77	76|71	1.0
71|77	68|71	1.0
46|33	41|46.33	1.0
69|82	72|69	1.0
69|71.68	68|69.71	0.5
69|71.68	71|69.71	0.5
71|69.71.78	79|71	1.0
60|64.50	62|60	1.0
55|62	53|55	1.0
55|62	65|	0.666666666667
55|62	57|55	1.0
55|62	47|55	1.0
55|62	63|55	1.0
55|62	62|55	0.333333333333
55|62	61|55	1.0
55|62	58|55	1.0
90|87.83	87|90	0.5
90|87.83	76|90	0.25
90|87.83	88|90	0.25
129|32	30|129	0.333333333333
129|32	37|129	0.666666666667
129|32	32|129	0.75
129|32	34|129	0.666666666667
129|32	35|129	0.25
129|32	66|129	1.0
33|28	129|33	0.666666666667
33|28	35|33	0.666666666667
33|28	38|33	0.75
33|28	35|33.28	1.0
33|28	40|33.28	1.0
33|28	38|33.28	1.0
33|28	28|33.28	1.0
61|56	60|61.56	1.0
61|56	56|61	1.0
61|56	63|61	0.5
61|56	59|61.56	1.0
61|56	58|61	0.16
61|56	55|61	0.25
61|56	64|61.56	1.0
61|56	57|61	1.0
61|56	49|61	1.0
61|56	62|61.56	1.0
61|56	59|61	0.04
61|56	52|61	0.25
65|72	129|65	0.333333333333
65|72	64|65	0.25
65|72	66|65	0.25
65|72	63|65	1.0
65|72	70|65.72	0.666666666667
65|72	71|65	0.5
65|72	58|65	0.25
65|72	72|65	0.5
65|72	68|65	1.0
65|72	74|65	0.5
55|53.61	61|55	0.5
55|53.61	56|55	0.5
49|48.47	50|49	1.0
48|50.52	46|48	1.0
129|34.129.34.129.34.129.34.129.41	39|129	1.0
72|70.69	70|72.70.69	1.0
72|70.69	73|72	0.375
72|70.69	65|72	0.2
72|70.69	74|72.70.69	0.375
55|129.55	53|55	1.0
55|129.55	48|55	1.0
68|66.61	62|68	1.0
68|63	63|68	0.5
68|63	70|68.63	1.0
68|63	73|68	0.333333333333
68|63	62|68	0.333333333333
68|63	67|68	0.166666666667
68|63	60|68	1.0
68|63	58|68	0.666666666667
68|63	63|68.63	1.0
68|63	129|68	1.0
68|63	70|68	0.5
68|63	59|68	1.0
68|63	72|68	0.166666666667
72|71.72.78	79|72	1.0
82|85	78|	0.5
82|85	79|82	0.5
82|85	76|82	1.0
38|129.39	36|38	1.0
46|40.35	35|46.40.35	1.0
46|40.35	40|46	0.8
47|51	40|47	0.5
47|51	52|47	0.5
47|51	42|47	0.5
47|51	49|47	0.5
129|72.129.74.129	74|129.72	1.0
44|129.44.129.49.129.44	129|44.129.44.129.49.129.44	1.0
61|53	58|61	0.5
61|53	46|61	1.0
61|53	63|61	0.5
61|53	55|61	1.0
61|53	129|61	0.5
61|53	51|61	0.5
42|129.46.129.42.129.46	129|42.129.46.129.42.129.46	1.0
82|83	83|82	0.5
82|83	90|82	0.5
82|83	80|82	1.0
41|48.41	53|41.48	1.0
41|48.41	42|41	1.0
129|69.71	77|129	1.0
129|69.71	67|129.69	0.25
129|69.71	69|129.69.71	0.333333333333
73|74.73	74|73.74.73	0.333333333333
49|57	52|49	0.5
49|57	50|49.57	1.0
49|57	35|49.57	1.0
49|57	45|49	0.5
49|57	46|49	0.5
43|26	38|43	1.0
45|54	52|45	1.0
65|62.65	64|65	1.0
87|91	82|87	1.0
50|45	43|50	0.5
50|45	129|50	1.0
50|45	52|50	0.25
50|45	62|50	0.25
50|45	49|50.45	0.25
50|45	46|50	0.333333333333
50|45	57|50	1.0
50|45	42|50	0.5
50|45	38|50	0.5
50|45	53|50	0.125
50|45	54|50	0.5
50|45	49|50	0.25
50|45	48|50.45	0.5
50|45	47|50	0.5
50|45	55|50	0.5
50|45	45|50	0.5
71|74	73|71	0.0833333333333
71|74	67|71	1.0
71|74	74|71.74	0.833333333333
71|74	76|71	0.333333333333
71|74	69|71.74	1.0
71|74	77|71	0.105263157895
71|74	74|71	0.2
71|74	75|71	0.0833333333333
71|74	72|71.74	0.777777777778
71|74	72|71	0.8
43|42.47	40|43	1.0
33|26	38|33	1.0
66|56	67|66	1.0
58|51	59|58	1.0
58|51	60|58	1.0
89|86.89.85	86|89.86	1.0
72|67.64	66|72	1.0
72|67.64	76|72.67.64	0.666666666667
81|57	82|81	1.0
77|72	76|77	0.0666666666667
77|72	68|77	0.0666666666667
77|72	72|77	0.133333333333
77|72	65|77	0.133333333333
77|72	81|77.72	1.0
77|72	75|77.72	1.0
93|95	98|	1.0
54|49.54	59|54	1.0
54|49.54	52|54	1.0
86|89	84|86.89	1.0
86|89	88|86	1.0
66|62.67	61|66	1.0
129|44.129.44.129.49	46|129	1.0
129|44.129.44.129.49	44|129.44.129.44.129.49	1.0
129|69.77	70|129.69	1.0
81|84	80|81	1.0
81|84	88|81	1.0
81|84	74|81	1.0
81|84	89|81	0.25
81|84	77|81	0.333333333333
81|84	82|81.84	0.666666666667
81|84	78|81	1.0
81|84	84|81.84	1.0
81|84	77|81.84	0.75
129|53.129.53	46|129.53.129.53	0.333333333333
129|53.129.53	48|129.53	0.333333333333
129|53.129.53	55|129	0.333333333333
129|53.129.53	38|129	1.0
67|62.59.62	69|67	1.0
129|70.129	72|129.70	0.214285714286
129|70.129	74|129.70	0.357142857143
129|70.129	69|129.70.129	1.0
60|61.129	129|60	0.111111111111
60|61.129	61|60	0.888888888889
89|94	88|89.94	1.0
68|53	58|68	1.0
68|53	65|68	1.0
57|55.58	53|57	1.0
55|46	51|55	1.0
55|46	45|55	1.0
55|46	62|55	0.333333333333
55|46	60|55	0.333333333333
55|46	58|55	0.333333333333
60|57	41|	0.2
60|57	67|60.57	1.0
60|57	58|60	0.6
60|57	59|60.57	1.0
60|57	46|60	0.25
60|57	69|60	0.166666666667
60|57	65|60.57	0.4
60|57	63|60	0.166666666667
60|57	50|60	0.25
60|57	61|60	0.5
60|57	48|60	0.4
60|57	56|60	0.333333333333
60|57	59|60	0.0384615384615
60|57	57|60.57	0.5
60|57	66|60	0.5
60|57	64|60	1.0
60|57	129|60	0.333333333333
60|57	53|60	0.2
60|57	62|60	0.166666666667
58|67.58	67|58.67.58	0.666666666667
35|49.129	40|35.49	1.0
129|50.129	45|129.50	1.0
129|50.129	50|129.50.129	0.5
42|54	54|42	0.5
42|54	40|42	0.5
80|70	77|80	1.0
52|38	53|52	1.0
52|38	54|52	1.0
64|73	71|64	0.5
64|73	69|64	1.0
64|73	66|64	1.0
64|73	68|64	0.5
64|73	65|64	0.222222222222
64|73	76|64	0.111111111111
64|73	73|64	0.111111111111
64|73	79|64	0.444444444444
64|73	74|64	0.111111111111
64|73	49|	0.5
64|73	59|64	0.5
66|	67|66	0.8
66|	76|66	0.0172413793103
66|	53|66	1.0
66|	63|66	0.333333333333
66|	82|66	1.0
66|	64|66	0.2
66|	129|66	0.8
66|	57|66	0.454545454545
66|	59|66	0.166666666667
66|	52|66	1.0
66|	60|66	0.046511627907
66|	78|	0.0769230769231
66|	47|66	0.25
66|	75|66	0.16
66|	43|	1.0
66|	86|	0.166666666667
66|	65|66	0.25
66|	70|66	0.2
66|	68|66	0.166666666667
66|	51|66	0.666666666667
66|	61|66	0.0172413793103
66|	83|66	1.0
66|	58|66	1.0
66|	74|66	0.142857142857
66|	55|66	1.0
66|	49|	0.02
66|	91|	1.0
66|	73|66	0.58
66|	69|66	0.258620689655
66|	81|	0.166666666667
66|	71|66	0.0344827586207
66|	85|	0.037037037037
66|	54|66	0.4
66|	62|66	0.155172413793
66|	56|	0.0833333333333
66|	42|	0.157894736842
66|	72|66	0.0172413793103
74|72.70.72	76|74	1.0
55|52.50	57|55	1.0
38|26	26|	1.0
38|26	36|38	0.666666666667
38|26	50|38	0.333333333333
38|40.129	39|38	0.5
38|40.129	129|38	0.5
57|58.59	56|57	0.666666666667
57|58.59	48|57	1.0
57|58.59	53|57	1.0
57|58.59	62|57.58	0.333333333333
35|41	129|35	0.363636363636
35|41	43|35	0.2
35|41	42|35	0.181818181818
35|41	40|35.41	0.0909090909091
35|41	38|35	0.363636363636
63|54	60|63	1.0
63|54	46|63	1.0
63|54	51|63	1.0
63|54	42|	1.0
71|72.76	74|71	1.0
71|72.76	72|71.72	1.0
129|70.72	69|129.70	1.0
87|	86|87	0.909090909091
87|	89|87	1.0
87|	79|87	1.0
87|	129|87	1.0
87|	90|87	0.1
87|	88|87	1.0
87|	85|87	0.166666666667
87|	84|	0.166666666667
87|	91|87	0.5
87|	95|87	1.0
87|	83|87	1.0
87|	75|87	0.5
87|	78|87	1.0
87|	71|87	1.0
87|	82|87	1.0
87|	93|87	1.0
91|93	83|91	0.5
91|93	89|91	0.5
74|129.69	129|74.129.69	1.0
46|129.46.129.53	129|46.129.46.129.53	1.0
62|66.62	57|62	0.454545454545
62|66.62	66|62.66.62	0.666666666667
28|	37|28	1.0
28|	40|28	0.0062893081761
28|	42|28	1.0
28|	27|	0.5
28|	45|28	1.0
28|	32|28	1.0
28|	35|28	1.0
28|	26|28	1.0
28|	34|28	1.0
28|	43|28	1.0
28|	129|28	1.0
28|	29|28	0.125
28|	31|28	0.0062893081761
28|	30|28	0.875
28|	33|28	0.454545454545
33|40.38	42|33	1.0
34|30	32|34.30	1.0
34|30	41|34	1.0
33|129	129|33	0.2
33|129	35|33	0.0384615384615
33|129	38|33	0.3
33|129	36|33	0.0769230769231
33|129	28|33	0.230769230769
33|129	31|33.129	0.857142857143
33|129	41|33	0.1
33|129	50|33	0.1
33|129	40|33	0.3
62|60.62	63|62.60.62	1.0
62|60.62	60|62.60	0.25
62|60.62	60|62	0.25
62|60.62	58|62.60	0.75
86|84.86	84|86.84.86	0.5
86|84.86	88|86.84	0.0714285714286
86|84.86	83|86	0.357142857143
52|46	61|52	1.0
86|62	85|86	1.0
37|32.31	32|37.32.31	1.0
72|71.72	79|72	0.117647058824
72|71.72	81|72	0.176470588235
72|71.72	74|72.71.72	0.5
72|71.72	69|72	0.0588235294118
72|71.72	78|72	0.176470588235
72|71.72	76|72	0.0588235294118
72|71.72	71|72.71	0.0588235294118
41|129.41.129.43	129|41.129.41.129.43	1.0
84|76	81|84	1.0
43|31	36|43	0.5
43|31	35|43	0.333333333333
43|31	41|43	1.0
43|31	40|43	0.333333333333
43|31	47|43	0.333333333333
43|31	31|43	1.0
43|31	45|43	1.0
37|32.35	34|37	1.0
41|42.36	37|41	1.0
56|73	68|56	0.9375
56|73	61|56	0.0625
57|47	48|57	1.0
84|86.84.86	72|84	0.125
84|86.84.86	129|84	0.5
84|86.84.86	86|84.86	0.375
74|75	79|74	0.222222222222
74|75	77|74.75	0.25
74|75	80|74	0.153846153846
74|75	81|74	0.25
74|75	72|74.75	0.75
74|75	75|74.75	0.5
74|75	62|74	0.111111111111
74|75	70|74	0.5
74|75	71|74.75	1.0
74|75	67|74	0.0769230769231
74|75	72|74	1.0
74|75	73|74	0.5
74|75	129|74.75	0.222222222222
129|71.70	67|129	1.0
41|48.46	50|41	1.0
84|83.81	86|84.83.81	0.444444444444
84|83.81	74|	0.1
68|	47|68	1.0
68|	70|68	0.111111111111
68|	74|68	0.1
68|	48|	0.0980392156863
68|	51|68	0.166666666667
68|	66|68	1.0
68|	62|68	0.0322580645161
68|	57|	0.2
68|	59|68	0.104166666667
68|	129|68	0.142857142857
68|	61|68	0.142857142857
68|	45|	0.166666666667
68|	73|68	0.142857142857
68|	72|68	0.0322580645161
68|	54|68	1.0
68|	63|68	0.260869565217
68|	52|68	1.0
68|	67|68	0.903225806452
68|	76|68	0.25
68|	58|68	1.0
68|	53|68	1.0
68|	49|	0.294117647059
68|	71|68	0.25
68|	50|	0.166666666667
68|	64|68	0.142857142857
68|	75|68	1.0
68|	65|68	0.0322580645161
68|	60|68	0.12
68|	69|68	1.0
68|	44|	0.111111111111
68|	77|	0.0526315789474
68|	56|68	0.047619047619
74|129.79	75|74	1.0
46|50.129	43|46	1.0
61|60	64|61	0.0714285714286
61|60	60|61.60	0.333333333333
61|60	56|61.60	1.0
61|60	62|61.60	1.0
61|60	129|61.60	0.0909090909091
61|60	52|61	0.333333333333
61|60	63|61	0.357142857143
61|60	67|61	0.0714285714286
61|60	65|61.60	0.666666666667
61|60	58|61	0.333333333333
61|60	57|61	0.333333333333
61|60	65|61	0.142857142857
61|60	63|61.60	0.333333333333
51|129.57	129|51.129.57	1.0
57|58	84|57	1.0
57|58	56|57	0.5
57|58	60|57	1.0
57|58	48|57	0.230769230769
57|58	60|57.58	1.0
57|58	66|57	0.142857142857
57|58	55|57	0.166666666667
57|58	58|57	0.428571428571
57|58	62|57.58	1.0
57|58	129|57.58	0.142857142857
57|58	55|57.58	1.0
57|58	65|57	0.5
57|58	67|57	0.333333333333
57|58	53|57	0.142857142857
75|78	71|75	0.333333333333
75|78	76|75	0.166666666667
75|78	78|75.78	0.833333333333
75|78	72|75	0.333333333333
129|41	57|129	1.0
129|41	43|129	0.1
129|41	48|129	1.0
129|41	29|129	0.192307692308
129|41	41|129.41	0.875
129|41	51|129	1.0
129|41	47|129	1.0
129|41	67|129	1.0
129|41	45|129	0.333333333333
129|41	46|129.41	1.0
129|41	34|129.41	0.0416666666667
129|41	53|129	1.0
129|41	38|129	0.333333333333
129|41	36|129.41	0.1
129|41	35|129	0.0833333333333
48|47.45.40.47	38|48	1.0
29|27	31|29.27	1.0
74|76.129	77|74	1.0
42|45.49	49|42	1.0
129|68.129.68	72|129	0.333333333333
129|68.129.68	74|129	0.666666666667
79|81	77|79.81	0.5
79|81	87|79	0.25
79|81	78|79	0.777777777778
79|81	77|79	0.4
79|81	83|79	0.0555555555556
79|81	81|79.81	0.333333333333
79|81	81|79	0.4
79|81	129|79.81	0.5
79|81	70|79	0.25
79|81	86|79	0.0238095238095
79|81	76|79	0.5
79|81	84|79	0.1
79|81	74|79	0.25
79|81	82|79	0.047619047619
28|33.36	30|28	1.0
44|129.44.129.44.129.44.129.49	129|44.129.44.129.44.129.44.129.49	1.0
41|36.41	37|41	0.142857142857
41|36.41	36|41	0.285714285714
41|36.41	39|41	0.142857142857
41|36.41	29|41	0.142857142857
41|36.41	129|41.36.41	1.0
41|36.41	34|41	0.285714285714
66|67	64|66.67	0.3
66|67	61|66	0.333333333333
66|67	129|66.67	1.0
66|67	129|66	1.0
66|67	74|66	1.0
66|67	64|66	0.4
66|67	69|66	1.0
66|67	71|66	0.333333333333
66|67	68|66.67	1.0
66|67	59|66	0.5
66|67	62|66	0.1
66|67	65|66	0.857142857143
66|67	69|66.67	0.1
66|67	67|66.67	0.5
66|67	72|66	0.2
88|129	86|88	1.0
26|31	33|26	0.25
26|31	129|26	0.75
83|73	88|83	1.0
80|73	68|80	0.25
80|73	69|80	0.75
55|129.48	60|55	1.0
129|38.129.51	51|129.38	1.0
44|47.44	47|44	1.0
48|43	129|48	0.5
48|43	50|48.43	0.333333333333
48|43	53|48.43	0.5
48|43	60|48	1.0
48|43	46|48	0.5
48|43	57|48	0.2
48|43	52|48	1.0
48|43	47|48	1.0
48|43	36|48	0.2
48|43	43|48.43	1.0
48|43	51|48	0.5
48|43	33|48	1.0
48|43	55|48	1.0
48|43	44|48	0.166666666667
48|43	50|48	0.333333333333
48|43	41|48	0.5
129|62.129.62.129.62.129.62	63|129	0.823529411765
129|62.129.62.129.62.129.62	65|129	0.117647058824
129|62.129.62.129.62.129.62	70|129	0.0588235294118
53|55.57.58	55|53.55	1.0
69|70.72.74.76	77|69	0.5
69|70.72.74.76	67|69.70.72.74.76	1.0
69|70.72.74.76	81|69	0.5
69|70.65	65|69.70.65	0.5
69|70.65	72|69.70	0.5
69|70.65	66|69	0.5
69|70.65	70|69.70	0.333333333333
69|70.65	67|69	1.0
45|53	50|45	1.0
82|74	74|82	1.0
82|74	72|82	1.0
46|61	55|46	0.333333333333
46|61	52|46	0.666666666667
64|67.76	65|64.67.76	1.0
41|39.48	42|41	1.0
41|129.41	43|41	0.666666666667
41|129.41	129|41.129.41	1.0
85|80	87|85	0.333333333333
85|80	83|85	0.666666666667
64|66.129.59	69|64	1.0
53|57	56|53	1.0
53|57	57|53	1.0
53|57	60|53	1.0
53|57	58|53	1.0
53|57	49|53	1.0
53|57	50|53	0.333333333333
53|57	48|53	0.833333333333
53|57	51|53	0.5
53|57	52|53	0.166666666667
53|57	55|53.57	1.0
53|57	54|53	0.333333333333
72|58	65|72	1.0
38|37.38.37	35|38	1.0
52|48.47	51|52	1.0
129|47	45|129	0.5
129|47	48|129.47	1.0
129|47	43|129	0.2
129|47	35|129	0.5
129|47	51|129	0.333333333333
129|47	52|129	1.0
129|47	38|129	0.75
129|47	47|129	0.5
129|47	43|129.47	0.333333333333
61|63.65.61.58	58|61	1.0
76|88.82	82|76	0.5
76|88.82	83|76	0.5
69|70.67	65|69.70	0.2
69|70.67	72|69	1.0
69|70.67	70|69.70.67	1.0
69|70.67	67|69	0.4
26|33	23|	0.5
26|33	29|	0.5
79|81.77	81|79	0.333333333333
79|81.77	78|79	0.333333333333
79|81.77	77|79.81.77	1.0
43|50.52	55|43	1.0
66|129.74	69|66	1.0
66|129.74	67|66	1.0
29|31	39|29	1.0
29|31	45|29	1.0
56|60.65	60|56.60	1.0
81|82.81	69|81	0.25
81|82.81	77|81	0.5
81|82.81	84|81	0.25
43|41	39|43	0.0769230769231
43|41	36|43	0.08
43|41	38|43	0.2
43|41	40|43	0.333333333333
43|41	46|43	0.25
43|41	52|43	0.333333333333
43|41	55|43	1.0
43|41	44|43	0.25
43|41	41|43	0.25
43|41	45|43	0.5
64|44	45|64	1.0
72|69	67|72	0.333333333333
72|69	77|72	0.5
72|69	69|72	0.25
72|69	73|72	1.0
72|69	78|72	0.0588235294118
72|69	129|72.69	1.0
72|69	68|72	0.333333333333
72|69	74|72	1.0
72|69	65|72	0.333333333333
72|69	70|72	0.333333333333
72|69	60|72	0.25
72|69	75|72	0.333333333333
72|69	64|72	1.0
72|69	81|72	0.5
72|69	71|72	0.333333333333
72|69	70|72.69	1.0
72|69	71|72.69	1.0
72|69	76|72	0.5
72|69	76|72.69	0.333333333333
72|69	63|72	0.25
59|64	57|59	0.5
59|64	61|59.64	1.0
59|64	63|59	0.125
59|64	62|59	1.0
59|64	60|59.64	1.0
59|64	71|59	0.5
59|64	64|59.64	0.5
59|64	129|59	1.0
59|64	66|59	0.538461538462
59|64	62|59.64	0.857142857143
59|64	56|59	1.0
59|52.51	60|59	1.0
65|60.57.72	58|65	1.0
129|46.45	46|129	1.0
81|79.76	80|81	1.0
81|79.76	79|81.79.76	1.0
35|40.35	37|35	1.0
83|75	71|83.75	0.5
57|59.62	55|57.59.62	1.0
81|83.93	87|81	1.0
50|48.57	51|50.48.57	1.0
41|129.34.129.29	129|41.129.34.129.29	1.0
45|47	47|45	0.5
45|47	57|45	0.2
45|47	40|45	0.75
45|47	41|45	1.0
45|47	62|45	1.0
45|47	49|45	1.0
45|47	44|45	0.25
45|47	55|45	0.2
45|47	38|45	0.2
45|47	52|45	0.25
45|47	43|45	0.4
45|47	48|45	0.0833333333333
45|47	50|45	0.25
79|77	81|79	1.0
79|77	80|79	0.111111111111
79|77	70|79	0.333333333333
79|77	76|79	0.108108108108
79|77	81|79.77	0.777777777778
79|77	77|79	0.25
79|77	74|79	0.5
79|77	75|79	0.111111111111
79|77	82|79	0.027027027027
79|77	77|79.77	1.0
29|129.29	129|29.129.29	0.5
35|33.28.35	36|35.33.28.35	1.0
71|129	73|71	1.0
71|129	69|71	0.5
71|129	67|71	0.5
71|129	83|71	1.0
71|129	69|71.129	0.5
71|129	74|71	0.571428571429
71|129	74|71.129	0.5
71|129	129|71.129	0.285714285714
71|129	72|71	0.142857142857
54|57	50|54	1.0
54|57	53|54	0.333333333333
54|57	59|54	1.0
54|57	52|54	1.0
54|57	65|54	0.666666666667
54|57	44|	0.5
54|57	56|54	1.0
54|57	61|54	0.5
54|57	62|54.57	1.0
54|57	63|54	1.0
54|57	48|54	0.5
54|57	51|54	0.666666666667
67|60.57	60|67	1.0
60|129	61|60	0.25
60|129	58|60	1.0
60|129	57|60	0.25
60|129	59|60	0.75
60|129	63|60.129	0.25
60|129	67|60	1.0
60|129	65|60	1.0
60|129	64|60	0.25
60|129	129|60	0.25
60|129	63|60	1.0
36|34	37|36	0.5
36|34	39|36	0.25
36|34	38|36	0.25
36|34	24|36.34	1.0
77|70	75|77	1.0
77|70	73|77	1.0
77|70	80|77	1.0
129|41.129.34.129.29	41|129.41.129.34.129.29	1.0
70|129.72	129|70.129	1.0
70|129.72	72|70	1.0
70|129.72	67|70	1.0
47|45.40.47	48|47.45.40.47	1.0
71|69.129	129|71	0.5
71|69.129	69|71.69	0.5
48|45.41	53|48.45	0.916666666667
48|45.41	46|48	0.0833333333333
51|44.37	37|51.44	1.0
64|67.60	70|64	0.5
64|67.60	60|64	0.5
76|77.79	77|76	1.0
76|77.79	74|76.77.79	1.0
74|73	77|74.73	0.8
74|73	76|74.73	0.333333333333
74|73	71|74	0.333333333333
74|73	81|74	0.05
74|73	69|74	0.2
74|73	67|74	0.571428571429
74|73	72|74	1.0
74|73	129|74.73	0.2
74|73	76|74	1.0
74|73	73|74	0.5
74|73	78|74	0.1
74|73	70|74.73	1.0
74|73	73|74.73	0.666666666667
74|73	83|74	0.181818181818
74|73	75|74.73	0.166666666667
74|73	79|74	0.2
74|73	65|74	0.1
45|49	49|45	0.166666666667
45|49	44|45	0.230769230769
45|49	47|45	0.166666666667
45|49	33|45	1.0
45|49	54|45	0.0769230769231
45|49	42|45.49	0.166666666667
45|49	61|45	0.333333333333
45|49	40|45	0.333333333333
45|49	52|45.49	0.0769230769231
45|49	43|45	1.0
45|49	46|45	0.75
45|49	50|45	0.5
82|77	79|82	1.0
82|77	80|82	1.0
47|69	66|47	1.0
91|95	88|91	1.0
61|59.57.59	64|61	1.0
81|78.83	71|81.78.83	1.0
79|69	81|79	1.0
79|69	77|79	1.0
79|69	84|79	1.0
61|69	57|61	1.0
61|69	63|61	1.0
129|70.69	72|129.70	0.3
129|70.69	74|129.70	0.2
129|70.69	67|129.70	0.5
58|129.51	56|58	1.0
91|129	89|91	1.0
36|49	38|36	0.0714285714286
36|49	35|36	0.5
36|49	46|36	0.642857142857
36|49	49|36.49	0.25
36|49	31|36	1.0
36|49	24|36	0.5
85|90	82|85	1.0
68|66.67	71|68	1.0
35|43	38|35	1.0
35|43	41|	1.0
35|43	32|35	1.0
82|76	84|82	0.25
82|76	77|82	0.75
82|76	70|82	0.5
82|76	73|82	0.5
77|	67|	0.0357142857143
77|	84|77	0.0294117647059
77|	72|77	0.0588235294118
77|	80|77	1.0
77|	89|77	1.0
77|	76|77	0.75
77|	85|77	0.2
77|	57|	0.1
77|	71|77	0.0294117647059
77|	81|77	0.411764705882
77|	64|77	0.25
77|	129|77	1.0
77|	68|77	0.5
77|	75|77	0.5
77|	66|	0.0714285714286
77|	79|77	0.333333333333
77|	55|77	1.0
77|	70|77	0.107142857143
77|	86|77	1.0
77|	83|77	0.190476190476
77|	65|77	0.4
77|	74|77	0.25
77|	82|77	0.0967741935484
77|	78|77	1.0
77|	56|	0.0434782608696
77|	73|77	0.333333333333
77|	69|77	0.5
62|129.59	129|62.129	1.0
71|129.71	74|71.129	1.0
67|76	69|67.76	1.0
67|76	79|67	1.0
67|76	66|67	0.285714285714
67|76	70|67	1.0
67|76	72|67	1.0
67|76	64|67.76	1.0
93|87	83|93.87	1.0
42|47	41|42	0.333333333333
42|47	40|42	0.714285714286
42|47	43|42.47	1.0
42|47	50|42.47	1.0
42|47	48|42	0.333333333333
42|47	45|42	0.333333333333
42|47	28|	0.285714285714
42|47	47|42	0.333333333333
88|89.84	86|88.89.84	1.0
60|62.129	62|60.62	1.0
61|50	65|61	1.0
54|61	50|54	0.166666666667
54|61	52|54	0.875
54|61	66|54	0.125
54|61	57|54	1.0
54|61	56|54	1.0
54|61	61|54	1.0
54|61	58|54	1.0
54|61	49|54.61	1.0
31|30.42	30|31.30	1.0
129|44.129.53	44|129.44.129.53	1.0
69|129	129|69.129	0.4375
69|129	70|69.129	0.0625
69|129	78|69	0.2
69|129	74|69.129	0.3125
69|129	68|69	1.0
69|129	71|69.129	0.1875
69|129	62|69	0.333333333333
69|129	67|69.129	1.0
69|129	72|69	0.125
69|129	67|69	1.0
31|34	30|31	0.5
31|34	36|31	0.5
31|34	35|31	1.0
71|69.72	72|71.69	0.666666666667
71|69.72	79|71	1.0
71|69.72	68|71	0.333333333333
52|53.52.50.41	50|52.53.52.50.41	1.0
52|57.52.57	49|52	1.0
69|61	59|69.61	1.0
69|61	60|69	0.875
69|61	64|69.61	1.0
69|61	73|69	0.333333333333
69|61	72|69	0.0625
69|61	67|69	0.333333333333
69|61	70|69.61	1.0
72|70.67	76|72	0.5
72|70.67	73|72	0.5
129|81.129	66|129.81	1.0
69|129.75	129|69.129.75	1.0
129|74.70	72|129.74.70	1.0
81|79.74	77|81	1.0
38|46	39|38	1.0
38|46	37|38	1.0
38|46	43|38	1.0
38|46	45|38	0.5
38|46	50|38	0.5
38|46	33|38	0.5
38|46	51|38.46	1.0
68|77	69|68.77	1.0
68|77	69|68	0.5
68|77	70|68.77	1.0
68|77	67|68.77	1.0
46|48	129|46	0.333333333333
46|48	38|46	0.333333333333
46|48	50|46	1.0
46|48	39|46	0.5
46|48	51|46	0.666666666667
46|48	44|46	1.0
46|48	41|46.48	0.5
46|48	48|46	0.333333333333
46|48	45|46.48	0.5
46|48	43|46	0.0909090909091
46|48	41|46	0.6
85|77	73|85	1.0
85|77	76|85	1.0
86|88.89.84	91|	1.0
44|38	43|44	1.0
44|38	53|44	0.1
44|38	39|44.38	1.0
44|38	38|44	0.4
44|38	39|44	0.333333333333
57|64	59|57.64	0.666666666667
57|64	56|57	0.333333333333
57|64	61|57	0.25
57|64	50|57	0.4
57|64	60|57.64	1.0
57|64	129|57	1.0
57|64	62|57	1.0
57|64	64|57.64	1.0
57|64	65|57	1.0
38|61	44|38	1.0
33|35.33.30	30|33.35.33.30	1.0
33|35.33.30	35|33.35	0.863636363636
70|63	63|70	0.5
70|63	58|70	0.5
70|63	68|70	1.0
70|63	71|70	0.25
70|63	72|70.63	1.0
70|63	75|70.63	1.0
70|63	62|70	1.0
70|63	69|70	0.75
75|77.72	73|75	1.0
64|67.65	72|64	0.428571428571
64|67.65	65|64.67.65	0.25
64|67.65	62|64.67	1.0
41|46.44	34|41	1.0
68|129.68	74|68	0.4
68|129.68	129|68.129.68	0.666666666667
43|36	36|43	1.0
43|36	38|43	0.1
43|36	48|43	1.0
43|36	46|43	1.0
43|36	41|43.36	1.0
43|36	30|43	0.5
43|36	31|43	1.0
43|36	50|43	1.0
62|129.57	57|62	1.0
78|74	74|78.74	0.833333333333
78|74	76|78.74	0.333333333333
78|74	76|78	1.0
78|74	83|78	0.333333333333
78|74	73|78	0.166666666667
78|74	77|78.74	1.0
47|45.43.48	40|47	1.0
65|63.65	67|65.63.65	1.0
65|63.65	63|65.63	0.7
65|63.65	129|65	0.2
129|27	36|129	1.0
46|41	43|46	0.2
46|41	39|46	0.5
46|41	62|46	0.2
46|41	50|46	0.4
46|41	40|46	0.25
46|41	38|46	0.25
46|41	51|46	1.0
46|41	44|46	0.25
46|41	41|46.41	0.5
46|41	41|46	0.25
46|41	36|46	0.333333333333
46|41	45|46	0.25
46|41	37|46.41	1.0
46|41	129|46.41	0.25
46|41	48|46.41	1.0
46|41	34|46.41	0.5
46|41	34|46	0.4
42|38	40|42.38	1.0
42|38	62|	0.25
42|38	30|42	0.125
42|38	36|42	0.75
42|38	45|42	0.5
42|38	44|42	1.0
42|38	43|42.38	1.0
42|38	50|	1.0
42|38	38|42.38	1.0
75|56	77|75	1.0
72|74.77	74|72.74	0.333333333333
72|74.77	77|72	0.666666666667
59|55.61	54|59	1.0
62|61	71|62	1.0
62|61	64|62.61	0.75
62|61	58|62	0.25
62|61	61|62	1.0
62|61	66|62	1.0
62|61	63|62	0.2
62|61	47|62	0.25
62|61	65|62	0.8
62|61	56|62	0.5
62|61	72|62	0.2
62|61	67|62	1.0
62|61	50|62	0.136363636364
62|61	129|62	0.2
62|61	52|62	1.0
62|61	60|62.61	0.5
62|61	59|62	0.25
62|61	61|62.61	0.25
62|61	55|62	0.25
62|61	64|62	1.0
62|61	57|62	0.5
26|28	29|26.28	0.75
75|87	71|75	0.25
75|87	81|75	0.25
75|87	80|75	0.5
55|52.47	43|55	0.5
55|52.47	45|55	0.5
77|76.77	78|77	1.0
77|76.77	70|77	0.15
77|76.77	74|77.76	0.3
77|76.77	72|77	0.05
77|76.77	79|77.76	1.0
77|76.77	76|77.76.77	1.0
77|76.77	81|77.76	0.1
57|48.62	48|57	1.0
57|129.55	58|57	1.0
48|30	129|48	0.5
48|30	36|48	0.5
44|129.49.129.51	129|44.129.49.129.51	1.0
87|80	95|87	1.0
27|26	34|	1.0
60|64	59|60.64	0.285714285714
60|64	58|60	0.333333333333
60|64	57|60	0.545454545455
60|64	70|	1.0
60|64	67|60	0.0909090909091
60|64	61|60.64	0.333333333333
60|64	129|60	1.0
60|64	72|60	1.0
60|64	63|60	1.0
60|64	129|60.64	1.0
60|64	55|60.64	1.0
60|64	61|60	0.5
60|64	65|60.64	0.5
60|64	66|60	0.5
60|64	64|60.64	1.0
60|64	64|60	0.333333333333
60|64	69|60	0.285714285714
60|64	53|60	0.333333333333
60|64	62|60	0.0909090909091
77|76.79	76|77	1.0
38|49	49|38	0.5
38|49	43|38	0.5
129|35.129.35.129.48	47|129	1.0
41|39.129	34|41	1.0
59|60.61	58|59	1.0
59|60.61	65|59	0.5
59|60.61	60|59.60	0.5
45|50.40	43|45	1.0
84|83.89	83|84	1.0
33|31.41	45|33	1.0
41|43.49	48|41.43	1.0
55|65	65|	1.0
55|65	60|55	1.0
79|64	81|79	0.4
79|64	80|79	0.4
79|64	78|79	0.2
48|36	41|48.36	1.0
48|36	46|48	0.5
48|36	129|48	1.0
48|36	43|48	1.0
48|36	42|48	1.0
48|36	53|48	0.5
30|32.34.30	37|30.32.34	0.25
30|32.34.30	34|30	0.5
30|32.34.30	42|30	0.25
129|45.129	42|129	1.0
60|65.63	63|60.65.63	1.0
56|58.55	44|56	1.0
89|86	86|89.86	0.25
89|86	87|89	0.5
89|86	85|	0.157894736842
89|86	88|89.86	0.5
89|86	79|89	0.5
35|51	42|35	1.0
45|40	49|45	0.5
45|40	44|45	0.142857142857
45|40	47|45	0.166666666667
45|40	50|45.40	1.0
45|40	33|45	0.285714285714
45|40	38|45	1.0
45|40	57|45	1.0
45|40	46|45	0.166666666667
45|40	40|45	0.666666666667
45|40	129|45	0.5
45|40	42|45	0.5
45|40	43|45	0.5
65|67.66	63|65	1.0
42|129.50	129|42	0.5
42|129.50	44|42	0.5
64|59.57	63|64	1.0
38|39.40	36|38	1.0
61|63.65.63	65|61	0.285714285714
61|63.65.63	66|61	0.285714285714
61|63.65.63	63|61.63.65.63	1.0
61|63.65.63	129|61	0.142857142857
71|67.71	60|71	1.0
85|87	84|85	1.0
83|95.93	92|	1.0
80|74	83|80	1.0
80|74	79|80.74	0.5
35|129.35.129.48	129|35.129.35.129.48	1.0
64|129.61	129|64	1.0
35|40	41|	1.0
35|40	45|35	0.333333333333
35|40	53|35.40	1.0
35|40	36|35.40	0.571428571429
35|40	36|35	1.0
35|40	49|35.40	0.25
35|40	40|35	1.0
35|40	46|35	0.666666666667
35|40	40|35.40	1.0
37|51.37.51.43	51|37.51.37.51.43	0.5
38|43.40	35|38	1.0
43|38	39|43	0.5
43|38	36|43	1.0
43|38	46|43	0.5
43|38	41|43	0.5
43|38	41|43.38	1.0
43|38	55|43	0.571428571429
43|38	31|43	0.2
43|38	50|43	0.5
43|38	28|43	1.0
43|38	35|43	0.4
43|38	50|43.38	1.0
43|38	38|43.38	0.2
43|38	129|43.38	1.0
43|38	40|43	1.0
43|38	45|43.38	1.0
43|38	49|43	1.0
43|38	47|43	1.0
60|61.56	63|60	1.0
50|45.40	48|50.45	1.0
59|57.54	61|59.57.54	1.0
59|57.54	64|59.57	1.0
58|55.52	54|58	1.0
58|55.52	45|58	0.5
58|55.52	48|58	0.5
129|36	57|129	0.3
129|36	51|129.36	0.4
129|36	29|129	0.1
129|36	59|129	0.1
129|36	36|129	1.0
129|36	41|129.36	0.666666666667
129|36	48|129	1.0
129|36	38|129.36	1.0
129|36	43|129	0.333333333333
129|36	53|129	0.833333333333
129|36	43|129.36	0.375
129|36	33|129.36	1.0
129|36	65|129	1.0
129|36	40|129	0.2
49|129.42	129|49.129.42	1.0
42|47.40	47|42	1.0
40|129.59	129|40.129.59	0.5
58|61.65	61|58	1.0
34|129.46	129|34.129.46	1.0
52|40	41|	1.0
52|40	50|52	0.5
52|40	54|52.40	1.0
52|40	56|52	0.5
52|40	62|52	0.5
52|40	40|52	1.0
129|74.75	72|129.74	1.0
65|64.67.76	70|65	1.0
58|60.58	62|58	1.0
71|72.69.67	69|71.72.69.67	1.0
42|129.40	129|42.129.40	0.00327868852459
46|129.43	129|46.129.43	1.0
129|62.129.62	62|129.62.129.62	0.666666666667
129|62.129.62	63|129	0.274509803922
129|62.129.62	65|129	0.0392156862745
129|62.129.62	70|129	0.0196078431373
69|88	76|69	1.0
44|42.44	49|44	1.0
74|76.77.79	77|74	1.0
50|59	52|50.59	1.0
50|59	59|50	1.0
50|59	60|50	1.0
50|59	47|50	0.5
78|90.87	90|78	1.0
66|67.69.67	67|66.67	1.0
49|60	46|49	1.0
82|87	79|82	1.0
50|52.53	62|50	1.0
76|72.71.74	79|76.72.71.74	0.5
129|51.129.57	49|129.51	1.0
62|67	66|62	1.0
62|67	58|62	1.0
62|67	61|62	1.0
62|67	69|62.67	0.5
62|67	63|62	0.333333333333
62|67	65|62	0.5
62|67	66|62.67	1.0
62|67	67|62	0.5
62|67	129|62	1.0
62|67	60|62	1.0
62|67	64|62.67	0.25
62|67	59|62	1.0
62|67	57|62	0.25
62|67	64|62	0.333333333333
44|129	43|44	0.166666666667
44|129	37|44	0.333333333333
44|129	129|44	0.166666666667
44|129	51|44	0.666666666667
65|63.67	56|65	1.0
73|71.66	69|73.71	1.0
70|71	69|70.71	0.5
70|71	66|70	0.333333333333
70|71	65|70	0.5
70|71	68|70	0.333333333333
70|71	129|70	0.5
129|67.71	71|129	1.0
59|129	61|59.129	1.0
59|129	56|59	1.0
59|129	57|59	1.0
36|38	48|36	1.0
36|38	41|36	1.0
36|38	39|36	0.2
36|38	43|36	1.0
36|38	49|36.38	1.0
36|38	38|36	0.4
36|38	35|36	1.0
36|38	34|36	0.4
36|38	129|36.38	1.0
36|38	46|36	0.25
36|38	33|36	0.5
36|38	24|36	0.5
67|	77|67	1.0
67|	56|67	0.05
67|	66|67	0.0232558139535
67|	65|67	0.581395348837
67|	73|67	0.037037037037
67|	52|67	0.5625
67|	48|	0.75
67|	86|	0.0714285714286
67|	74|67	0.0833333333333
67|	57|67	0.121951219512
67|	61|67	0.166666666667
67|	70|67	1.0
67|	78|	0.0645161290323
67|	53|	0.142857142857
67|	75|67	0.142857142857
67|	58|67	0.116279069767
67|	60|67	0.0116279069767
67|	71|67	0.15
67|	64|67	0.2
67|	49|	0.25
67|	36|67	1.0
67|	68|67	0.046511627907
67|	59|67	0.030303030303
67|	63|67	0.116279069767
67|	79|67	0.0333333333333
67|	76|67	0.05
67|	46|	0.666666666667
67|	55|67	0.25
67|	72|67	0.0116279069767
67|	81|67	1.0
67|	69|67	0.0813953488372
67|	62|67	0.0116279069767
67|	129|67	0.166666666667
67|64.69	129|67	1.0
71|72.64	77|71	1.0
39|44.59	46|39	0.5
39|44.59	36|39	0.5
73|67	70|73	0.4
73|67	129|73	0.2
73|67	67|73	0.333333333333
73|67	68|73	1.0
73|67	74|73.67	1.0
73|67	65|73	0.666666666667
73|67	62|	0.4
73|67	72|73.67	1.0
29|41.48	129|29	1.0
129|72.74	69|129.72.74	1.0
129|72.74	69|129.72	1.0
75|65	77|75	1.0
75|65	74|75.65	1.0
75|65	72|75	1.0
129|66.129.67	69|129.66	0.25
129|66.129.67	86|129	0.25
129|66.129.67	66|129.66	0.5
129|58.53	46|129	1.0
61|63.61.63	58|61	0.25
61|63.61.63	60|61.63.61.63	1.0
61|63.61.63	129|61	0.25
51|39.53	44|51.39.53	1.0
69|67.129	129|69.67	1.0
81|88	85|81	1.0
81|88	129|81	1.0
84|	80|84	0.0952380952381
84|	85|84	0.0394736842105
84|	77|84	0.2
84|	88|84	0.111111111111
84|	129|84	0.222222222222
84|	81|84	0.142857142857
84|	68|	0.333333333333
84|	72|84	0.0131578947368
84|	86|84	0.473684210526
84|	76|84	0.047619047619
84|	79|84	1.0
84|	63|84	1.0
84|	74|	0.0131578947368
84|	82|84	0.142857142857
84|	89|84	0.0131578947368
84|	83|84	0.714285714286
84|	87|	0.047619047619
84|	70|84	1.0
64|66.67.64	63|64	1.0
129|68	74|129	0.222222222222
129|68	61|129	0.5
129|68	62|129	1.0
129|68	66|129	0.5
129|68	68|129	0.636363636364
129|68	70|129.68	1.0
129|68	68|129.68	0.636363636364
129|68	54|	1.0
129|68	69|129	1.0
129|68	72|129	0.111111111111
129|68	65|129	0.181818181818
129|68	71|129	1.0
129|68	67|129	0.181818181818
40|38.37	41|40	0.333333333333
40|38.37	38|40	0.666666666667
86|87.89	91|	1.0
62|75	58|62.75	1.0
44|42	46|44	1.0
44|42	46|44.42	0.166666666667
44|42	129|44	0.25
44|42	37|44	0.25
44|42	41|44	0.6
44|42	45|44.42	0.833333333333
44|42	42|44	0.25
29|	34|29	0.428571428571
29|	39|29	1.0
29|	43|29	1.0
29|	129|29	1.0
29|	41|29	0.176470588235
29|	48|29	0.529411764706
29|	46|29	1.0
29|	31|29	0.857142857143
29|	33|29	1.0
29|	28|29	1.0
29|	38|29	1.0
29|	44|29	0.411764705882
29|	58|29	1.0
29|	32|29	1.0
29|	36|	0.214285714286
29|	45|29	0.0294117647059
29|	30|29	0.2
42|37.35.42	37|42	1.0
53|49	56|53	1.0
53|49	59|53	0.333333333333
53|49	48|53	0.333333333333
53|49	72|53	0.333333333333
53|49	40|53	0.333333333333
53|49	55|53	0.333333333333
53|49	54|53.49	1.0
57|60	56|57	0.666666666667
57|60	60|57	0.333333333333
57|60	129|57	0.333333333333
57|60	55|57.60	0.5
57|60	62|57.60	0.84
57|60	66|57	1.0
57|60	55|57	1.0
57|60	63|57	0.166666666667
57|60	58|57.60	0.666666666667
57|60	65|57	0.333333333333
57|60	53|57	1.0
57|60	59|57.60	0.333333333333
57|60	60|57.60	0.333333333333
57|60	54|57	0.666666666667
129|69.70	67|129.69	1.0
129|69.70	72|129.69	1.0
57|64.60	56|57	1.0
129|44	44|129	1.0
129|44	49|129.44	1.0
129|44	50|129	0.0032154340836
129|44	37|129	1.0
129|44	47|129	0.0136054421769
129|44	53|129	0.0354609929078
129|44	49|129	0.0283687943262
129|44	46|129	0.0544217687075
129|71.66	69|129	1.0
50|129	42|50	0.333333333333
50|129	46|50.129	1.0
50|129	38|50	0.5
50|129	129|50	1.0
50|129	43|50	0.25
50|129	129|50.129	0.5
50|129	48|50	0.5
50|129	49|50	0.5
50|129	30|	0.333333333333
50|129	55|50	0.25
50|129	57|50	0.333333333333
50|129	45|50	0.333333333333
81|129	82|81	0.8
81|129	129|81.129	1.0
81|129	84|81	0.2
64|57	67|64	1.0
64|57	59|64	0.5
64|57	62|64.57	1.0
64|57	69|64.57	0.574468085106
64|57	73|64	0.333333333333
64|57	65|64.57	1.0
64|57	66|64.57	1.0
64|57	56|64	0.166666666667
64|57	57|64.57	0.5
64|57	61|64	1.0
64|57	60|64	1.0
65|67.68	67|65.67	0.0625
65|67.68	72|65	0.25
65|67.68	63|65.67.68	0.9375
65|67.68	67|65	0.5
65|67.68	68|65	0.5
51|53.48	50|51.53.48	1.0
129|71.129	76|129.71	0.5
129|71.129	67|129	0.5
69|	57|69	0.0185185185185
69|	60|69	0.04
69|	85|69	1.0
69|	129|69	0.333333333333
69|	36|	0.015625
69|	81|69	1.0
69|	48|	0.0390625
69|	72|69	0.133333333333
69|	90|	0.5
69|	67|69	0.32
69|	76|69	0.166666666667
69|	86|	0.0434782608696
69|	63|69	0.0833333333333
69|	45|	0.03125
69|	73|69	0.0666666666667
69|	55|69	1.0
69|	66|69	0.166666666667
69|	77|69	0.0526315789474
69|	59|69	0.0833333333333
69|	78|69	0.0588235294118
69|	62|69	0.0666666666667
69|	52|69	0.166666666667
69|	65|69	0.166666666667
69|	47|69	0.0390625
69|	70|69	0.64
69|	79|69	0.0434782608696
69|	61|69	0.0555555555556
69|	68|69	0.037037037037
69|	74|69	0.0666666666667
69|	56|	0.25
69|	64|69	0.12
69|	42|	0.03125
69|	75|69	0.315789473684
69|	38|69	1.0
69|	71|69	0.4
129|55	60|129	0.5
129|55	48|129.55	1.0
129|55	50|129.55	1.0
129|55	59|129	1.0
129|55	48|129	0.5
129|55	52|129	0.25
129|55	53|129.55	0.333333333333
129|55	43|129	0.111111111111
129|55	51|129	0.75
129|55	41|129	0.25
129|55	47|129	0.0731707317073
129|55	70|129	0.25
129|55	55|129.55	0.888888888889
129|55	58|129	0.5
129|55	63|129	1.0
129|55	54|	0.5
129|55	49|129	1.0
129|55	57|129.55	0.5
129|55	64|129	0.5
129|55	55|129	0.5
129|55	67|129	0.25
129|72	74|129.72	0.166666666667
129|72	76|129	0.5
129|72	66|129	0.666666666667
129|72	63|129	0.25
129|72	71|129.72	0.166666666667
129|72	70|129.72	0.230769230769
129|72	69|129.72	0.538461538462
129|72	73|129	0.166666666667
129|72	65|129	0.25
129|72	72|129	0.666666666667
129|72	72|129.72	0.333333333333
129|72	67|129	0.230769230769
129|72	71|129	0.333333333333
129|72	70|129	0.625
76|88.79	81|76	0.666666666667
76|88.79	78|76	0.333333333333
48|59	53|48	0.5
48|59	41|48	1.0
48|59	46|48	1.0
48|59	60|48	0.5
44|39.44	36|44	1.0
129|58.129.57	58|129.58.129.57	1.0
129|58.129.57	60|129.58	1.0
49|54.61	42|49	1.0
50|48.47.45.48	51|50	1.0
53|52.50.41	52|53.52.50.41	1.0
74|76.69	86|	0.2
74|76.69	76|74	1.0
74|76.69	129|74	1.0
74|76.69	129|74.76	0.6
52|63	129|52	0.111111111111
52|63	64|52	0.555555555556
52|63	62|52	0.111111111111
52|63	59|52	0.111111111111
52|63	74|	0.111111111111
73|69.38.69	69|73	0.4
73|69.38.69	42|	0.6
57|55.52	54|57	1.0
72|77	73|72	1.0
72|77	70|72	1.0
72|77	78|72	1.0
72|77	69|72.77	0.5
72|77	82|72	0.5
72|77	74|72	1.0
72|129.65	129|72.129.65	1.0
67|65.63.65	68|67.65.63	1.0
50|45.52	46|50	1.0
129|89	88|129	1.0
129|89	87|	0.777777777778
129|89	77|129	0.222222222222
129|62.64	67|129.62	1.0
33|31.29	32|33.31	1.0
75|77.81	76|75	1.0
55|54	50|55	0.2
55|54	54|55	0.2
55|54	58|55	1.0
55|54	53|55	0.166666666667
55|54	42|55	0.111111111111
55|54	57|55	0.5
55|54	57|55.54	0.333333333333
55|54	56|55.54	0.5
55|54	52|55	0.125
55|54	43|55	0.2
55|54	56|55	0.222222222222
55|54	53|55.54	1.0
55|54	62|55	0.5
55|54	129|55	1.0
55|54	51|55	0.8
55|54	48|55	0.666666666667
55|54	59|55	0.2
64|62.71	71|64	0.8
64|62.71	59|64	0.2
83|90	81|83	0.75
83|90	87|83.90	1.0
129|46.129.49	42|129.46.129.49	1.0
129|36.129	43|129.36	1.0
75|77.79.80	77|75	1.0
63|58.63	55|63	1.0
69|70.65.69.70.65	65|69.70.65.69.70.65	1.0
129|53.129.45	47|129	1.0
59|62.64	62|59	1.0
50|129.50.55	45|50	1.0
74|78.79	69|74	0.5
74|78.79	76|74	0.5
72|62	69|72	0.333333333333
72|62	64|72	1.0
72|62	65|72	0.333333333333
72|62	70|72	0.333333333333
86|129	88|86.129	1.0
86|129	129|86	0.5
86|129	82|86	1.0
129|57.129.57.61	59|129	1.0
35|33	30|35	0.0375
35|33	24|	0.047619047619
35|33	37|35	0.25
35|33	36|35	0.666666666667
35|33	33|35	0.9
35|33	28|35	0.25
35|33	40|35	0.0714285714286
35|33	38|35	0.666666666667
35|33	37|35.33	0.333333333333
51|50	45|51	0.25
51|50	53|51	0.5
51|50	53|51.50	0.666666666667
51|50	58|51	1.0
51|50	61|51	0.5
51|50	56|51	0.0909090909091
51|50	47|51	1.0
51|50	39|51	1.0
51|50	52|51	0.5
51|50	54|51	0.5
51|50	48|51	0.5
51|50	60|51	0.5
51|50	44|51	0.5
51|50	66|51	0.5
51|50	55|51	1.0
51|56.58	58|51	1.0
79|76.67	81|79.76	1.0
72|84	79|72	0.5
72|84	74|72.84	1.0
69|81	60|69	1.0
69|81	79|69	0.25
69|81	73|69	0.25
69|81	71|69	0.5
43|59	47|43	1.0
43|59	38|43	1.0
29|39	31|29	1.0
81|79.77.81	79|81.79.77.81	1.0
84|79	83|84.79	1.0
84|79	86|84	0.333333333333
84|79	79|84	1.0
84|79	83|84	0.666666666667
34|39	37|34	0.142857142857
34|39	43|34	0.142857142857
34|39	39|34	0.4
34|39	38|34	0.142857142857
34|39	55|34	0.142857142857
34|39	32|34	0.2
34|39	33|34	0.2
34|39	41|34	0.2
34|39	35|34	0.285714285714
31|37	33|31.37	1.0
129|72.129.74	71|129	1.0
52|41	53|52	1.0
24|36	36|24	0.5
24|36	38|24	0.125
24|36	44|24	0.125
24|36	40|24	0.25
63|65	62|63.65	0.457142857143
63|65	61|63	0.830508474576
63|65	69|63	0.5
63|65	68|63	0.142857142857
63|65	71|63	0.0285714285714
63|65	58|63	0.0677966101695
63|65	64|63	0.333333333333
63|65	62|63	1.0
63|65	60|63	0.142857142857
63|65	59|63	1.0
63|65	129|63	0.333333333333
63|65	65|63.65	0.2
63|65	67|63	0.2
63|65	65|63	0.142857142857
63|65	56|63	0.5
63|65	79|63	1.0
63|65	72|63	0.0285714285714
54|68	70|	1.0
61|59.57.54	129|61	1.0
129|72.129.65	67|129	1.0
35|53.35.40	40|35.53	1.0
76|68	71|76	1.0
76|68	64|76	1.0
62|57.62	69|62	1.0
53|35	57|53	0.0208333333333
53|35	35|53.35	0.0760869565217
53|35	49|53	0.0208333333333
53|129.53	129|53.129.53	1.0
53|129.53	46|53	0.5
62|59.62	67|62.59.62	1.0
67|66.62	64|67	1.0
67|66.62	62|67	0.5
67|66.62	66|67.66.62	1.0
69|70.69.61	61|69	1.0
58|72	62|58	0.5
58|72	57|58	0.5
55|57.58.57	57|55	1.0
88|73	71|88	1.0
129|58.129.53	46|129	1.0
95|94	83|95.94	1.0
70|69.70.67	74|70	1.0
54|42	45|54	0.5
54|42	57|54.42	1.0
54|42	42|54	0.5
129|80	62|129	1.0
129|80	84|129	1.0
45|35	33|45	1.0
79|76.81	77|79.76.81	1.0
129|69.129	69|129.69	0.8
129|69.129	71|129.69	0.5
129|69.129	66|129.69	0.2
129|69.129	81|129	0.5
38|42.38	31|38	1.0
42|46	51|42	1.0
42|46	37|42	0.2
42|46	45|42.46	0.25
42|46	44|42	1.0
42|46	47|42	1.0
36|50	129|36	0.666666666667
36|50	50|36	1.0
36|50	43|36	0.333333333333
77|81.84	76|77.81	1.0
37|46	44|37.46	1.0
129|51.33	49|129.51	1.0
63|58	55|63	0.666666666667
63|58	62|63	0.5
63|58	60|63.58	1.0
63|58	59|63	0.25
63|58	75|63	0.166666666667
63|58	58|63	0.714285714286
63|58	68|63	0.5
63|58	129|63	0.5
63|58	62|63.58	1.0
63|58	56|63.58	1.0
63|58	65|63	0.285714285714
63|58	65|63.58	0.75
63|58	72|63	1.0
50|51	51|50	0.333333333333
50|51	43|50	0.111111111111
50|51	51|50.51	0.5
50|51	40|50	1.0
50|51	129|50	0.5
50|51	52|50	0.333333333333
50|51	48|50	0.8
50|51	53|50	0.2
50|51	49|50	0.333333333333
50|51	46|50	0.166666666667
50|51	47|50	0.2
50|51	36|50	1.0
47|57	55|47	1.0
47|57	59|47	1.0
69|64.67	66|69	0.5
69|64.67	64|69	0.5
75|70.75	77|75	1.0
51|37.51.44	46|51	1.0
39|38.51.39	36|39	0.666666666667
39|38.51.39	59|	0.333333333333
69|70	60|69	0.4
69|70	75|69	1.0
69|70	68|69.70	0.333333333333
69|70	81|69	0.0625
69|70	72|69	1.0
69|70	70|69.70	0.3
69|70	67|69	0.7
69|70	76|69	0.03125
69|70	72|69.70	0.166666666667
69|70	129|69.70	1.0
69|70	77|69	0.0625
69|70	62|69	0.333333333333
69|70	65|69	0.166666666667
69|70	66|69	0.03125
69|70	74|69	0.2
69|70	65|69.70	0.333333333333
69|70	64|69	0.4
69|70	71|69	0.333333333333
129|53.129.53.129.55	55|129	1.0
129|50.129.50	55|129	1.0
61|68	62|61	1.0
61|68	57|61	1.0
61|68	65|61	0.5
61|68	68|61	1.0
61|68	66|61	1.0
61|68	70|61	0.5
52|57.50	55|52.57	0.5
52|57.50	49|52	0.5
78|76.74.76	79|78.76.74.76	1.0
72|67.69	71|72	0.333333333333
72|67.69	76|72.67	0.666666666667
66|68.61	59|66	1.0
46|52	47|46	1.0
57|60.58	60|57	1.0
129|65.129.69	65|129.65	1.0
65|62.58	67|65.62	0.333333333333
65|62.58	68|65	0.666666666667
69|70.72	68|69	0.5
69|70.72	70|69.70	0.25
69|70.72	67|69	0.25
65|51	68|65	1.0
89|88.89.86	93|	0.5
89|88.89.86	94|	0.25
89|88.89.86	86|89.88.89.86	1.0
71|69.68	68|71	1.0
129|56.61	56|129	0.25
129|56.61	54|	0.75
57|58.57	55|57	1.0
57|58.57	58|57	1.0
57|58.57	55|57.58.57	1.0
58|60.72	67|58	0.5
58|60.72	74|58	0.5
63|60.61	66|63	0.5
63|60.61	65|63	0.5
53|48.45	57|53	1.0
53|48.45	48|53	1.0
53|48.45	52|53	1.0
53|55.53	50|53	1.0
45|44.42	39|45	0.5
45|44.42	42|45	0.5
76|	129|76	0.0196078431373
76|	77|76	0.0454545454545
76|	81|76	0.8
76|	84|76	0.0227272727273
76|	74|76	1.0
76|	71|76	0.25
76|	83|76	0.0588235294118
76|	79|76	0.0740740740741
76|	68|76	0.0555555555556
76|	99|	0.0416666666667
76|	89|	0.00617283950617
76|	73|76	0.25
76|	85|76	1.0
76|	58|	0.666666666667
76|	66|76	0.0196078431373
76|	88|76	1.0
76|	86|	0.25
76|	91|76	1.0
76|	70|76	0.111111111111
76|	80|76	0.117647058824
76|	64|76	1.0
76|	78|76	0.2
76|	69|76	0.0196078431373
76|	75|76	0.25
76|	72|76	1.0
76|	82|76	0.0588235294118
76|	67|76	0.0555555555556
46|39	50|46	0.75
46|39	51|46	1.0
46|39	48|46	0.25
38|53	41|38	0.333333333333
38|53	36|38	0.333333333333
38|53	26|	0.333333333333
38|53	39|38.53	0.0909090909091
38|53	51|38.53	0.5
65|129.65	64|65	0.4
65|129.65	129|65.129.65	0.4
65|129.65	67|65	1.0
65|129.65	62|65	0.2
86|81	129|86.81	1.0
45|55	49|45	1.0
45|55	54|45	1.0
45|55	50|45	1.0
129|49.129.51	51|129.49.129.51	1.0
129|49.129.51	44|129.49.129.51	1.0
129|49.129.51	51|129	1.0
67|81	72|67	1.0
66|75	73|66.75	1.0
36|32	37|36	1.0
36|32	35|36	0.5
36|32	32|36.32	1.0
36|32	46|36	1.0
66|70	69|66	1.0
66|70	67|66	0.5
66|70	71|66	0.5
66|70	61|66	1.0
66|70	63|66	1.0
66|70	72|66	1.0
129|78	79|129	1.0
63|65.66.65.61.58	129|63	1.0
51|43	53|51	1.0
51|43	33|	0.333333333333
51|43	37|51.43	1.0
51|43	50|51.43	1.0
51|43	46|51	1.0
95|93	83|95.93	1.0
66|129.67.129.67.129.66	67|66	1.0
89|84	88|89.84	1.0
89|84	94|	1.0
129|38.129.43	33|129	1.0
129|38.129.43	38|129.38	0.8
129|38.129.43	43|129.38.129.43	1.0
50|51.50.48.43	43|50	1.0
60|50	59|60.50	0.2
60|50	52|60	1.0
62|41	55|62	0.333333333333
62|41	43|62	0.666666666667
44|27	32|44	1.0
36|67	40|36	1.0
76|64	79|76	1.0
76|64	80|76.64	1.0
32|37.32.31	36|32	1.0
73|74.69	76|73	1.0
69|71.72	67|69.71	0.888888888889
69|71.72	76|69	0.111111111111
42|50	129|42	1.0
87|82	129|87	1.0
87|82	86|87	1.0
58|53	34|	0.25
58|53	56|58	0.5
58|53	48|58	1.0
58|53	62|58	0.25
58|53	46|58	1.0
58|53	57|58	1.0
58|53	61|58	1.0
58|53	53|58	1.0
58|53	65|58	1.0
58|53	129|58	0.5
58|53	129|58.53	1.0
58|53	55|58	0.5
58|53	61|58.53	1.0
58|53	51|58	1.0
58|53	67|58	0.4
51|37.51.129	41|	0.5
51|37.51.129	129|51	0.5
64|66.61	66|64.66.61	1.0
51|44	35|51	0.0909090909091
51|44	49|51	0.0769230769231
51|44	48|51	1.0
51|44	37|51.44	1.0
51|44	38|51.44	1.0
51|44	44|51	0.769230769231
51|44	46|51	0.0769230769231
129|31.129.43	31|129	0.5
129|31.129.43	30|129	0.5
49|129	43|49	0.25
49|129	42|49	0.75
49|129	50|49	0.6
49|129	129|49	0.2
49|129	59|49	0.2
49|129	35|49.129	1.0
67|65.69	60|67	0.666666666667
67|65.69	69|67.65	1.0
67|65.69	64|67.65	0.333333333333
47|46.45	35|47	1.0
42|40.35	44|42	0.5
42|40.35	35|42	0.5
79|63	80|79	1.0
65|129.69	129|65.129.69	1.0
72|70.72	74|72.70.72	1.0
72|70.72	70|72.70.72	1.0
36|129.43	41|36	1.0
36|129.43	129|36.129	1.0
33|42	37|33	0.25
33|42	51|33.42	1.0
33|42	42|33	0.5
56|58.61	62|56	0.5
56|58.61	61|56	0.5
59|55	57|59	0.538461538462
59|55	49|59	0.166666666667
59|55	54|59	0.384615384615
59|55	55|59	0.166666666667
59|55	58|59	0.5
59|55	62|59	1.0
59|55	61|59	1.0
59|55	35|59	0.166666666667
59|55	43|59	0.5
59|55	57|59.55	1.0
59|55	58|59.55	1.0
59|55	56|59	1.0
54|48	62|54	1.0
54|48	51|54	1.0
64|66.71	67|64	1.0
51|129.51.46.44	56|51	1.0
59|64.59.57.59	64|59.64	1.0
53|62	62|53	1.0
53|62	63|	1.0
53|62	36|53	1.0
77|74.73	76|77.74	0.5
77|74.73	74|77.74	0.5
37|51.129	51|37.51.129	0.5
64|67.65.64	72|64	1.0
77|72.69.65	72|77	1.0
71|69.71.76	78|71	1.0
69|70.72.74	67|69	1.0
129|67.59	66|129.67	1.0
75|77.74	129|75	1.0
62|63	64|62.63	0.5
62|63	65|62.63	0.03125
62|63	63|62	0.714285714286
62|63	67|62	0.5
62|63	129|62	0.166666666667
62|63	59|62	0.5
62|63	60|62	0.666666666667
62|63	55|62	0.03125
62|63	58|62	0.2
62|63	61|62	0.166666666667
62|63	54|62	0.2
62|63	65|62	0.2
62|63	70|62	0.166666666667
62|63	69|62	1.0
62|63	63|62.63	0.230769230769
62|63	129|62.63	1.0
62|63	60|62.63	0.53125
62|63	61|62.63	0.25
33|35.33.35.37	30|33.35.33.35.37	1.0
33|35.33.35.37	35|33.35	0.2
33|35.33.35.37	34|33	0.2
76|83	78|76.83	1.0
76|83	73|76	1.0
76|83	129|76	1.0
76|83	80|76	1.0
88|85	87|88	0.5
88|85	93|88	0.5
74|69.129	69|74	1.0
74|69.129	69|74.69.129	1.0
86|88.81	74|	0.333333333333
86|88.81	89|86	0.666666666667
38|45	52|38	0.5
38|45	39|38	0.166666666667
38|45	37|38	1.0
38|45	43|38	0.166666666667
38|45	26|	0.5
38|45	44|38	0.4
38|45	50|38	0.333333333333
38|45	45|38	0.166666666667
38|45	42|38	0.4
38|45	49|38	0.166666666667
38|45	40|38	0.2
33|35.34	38|33	0.5
33|35.34	34|33	0.5
51|53	52|51	0.5
51|53	38|51.53	1.0
51|53	53|51	0.142857142857
51|53	50|51	1.0
51|53	49|51	0.5
51|53	48|51	0.5
51|53	44|51.53	0.5
51|53	44|51	1.0
51|53	46|51	1.0
64|62.64.66	67|64	0.8
64|62.64.66	66|64.62	0.2
62|60.59	67|62	0.5
62|60.59	59|62.60	0.5
62|60.59	59|62	0.25
62|60.59	60|62.60.59	1.0
62|60.59	57|62	0.5
46|129	40|46	0.1
46|129	129|46.129	0.823529411765
46|129	62|46.129	0.176470588235
46|129	51|46	0.333333333333
46|129	48|46.129	1.0
46|129	41|46	0.9
59|57.59.57.59	57|59.57.59.57.59	1.0
51|37.42	42|51	0.75
51|37.42	33|	0.25
42|37	40|42	1.0
42|37	44|42.37	1.0
42|37	37|42	0.0714285714286
42|37	43|42	0.5
42|37	38|42.37	1.0
42|37	45|42	1.0
42|37	35|42	0.125
64|61.129	66|64	0.588235294118
64|61.129	68|64	1.0
64|61.129	57|64	0.411764705882
74|71.67	129|74.71	1.0
50|31	55|50	1.0
36|53	38|36	1.0
63|49	60|63	1.0
65|67.64	64|65	0.5
65|67.64	66|65	0.5
65|67.64	129|65.67.64	1.0
54|62	55|54	1.0
32|36	36|32	0.666666666667
32|36	35|	0.333333333333
60|58.65	61|60	0.5
60|58.65	72|60	0.5
65|62	52|	0.333333333333
65|62	72|65	0.125
65|62	129|65	0.166666666667
65|62	67|65	0.75
65|62	70|65.62	0.5
65|62	55|65	0.5
65|62	67|65.62	0.333333333333
65|62	57|65	0.166666666667
65|62	58|65	0.25
65|62	60|65	1.0
65|62	62|65	0.5
65|62	69|65	1.0
65|62	64|65	0.125
65|62	63|65.62	1.0
65|62	71|65	0.166666666667
65|62	62|65.62	0.4
65|62	129|65.62	0.4
65|62	66|65	0.166666666667
65|62	68|65	0.25
65|62	63|65	0.6
58|56.55	61|58	0.5
58|56.55	55|58	0.5
74|72.71.72	72|74.72	0.5
74|72.71.72	71|74	0.166666666667
74|72.71.72	67|74	0.333333333333
77|76.72	67|	0.5
77|76.72	84|77	0.25
77|76.72	72|77	0.5
77|76.72	76|77.76	0.75
60|56	61|60	1.0
60|56	56|60	0.333333333333
60|56	55|60	0.5
60|56	58|60	0.0769230769231
60|56	67|60	1.0
60|56	59|60.56	1.0
60|56	53|60	0.166666666667
60|56	63|60	1.0
60|56	51|60	0.384615384615
60|56	62|60	1.0
60|56	57|60	0.384615384615
52|51	41|52.51	1.0
52|51	57|52	1.0
52|51	53|52	0.333333333333
52|51	59|52.51	1.0
52|51	57|52.51	1.0
52|51	45|52	0.6
52|51	54|52	1.0
52|51	55|52.51	0.5
52|51	61|52	0.5
52|51	50|52	0.142857142857
52|51	49|52	1.0
52|51	58|52	0.5
52|51	129|52	0.4
52|51	56|52	0.2
52|51	48|52	1.0
52|51	47|52	1.0
52|51	59|52	1.0
59|64.68	66|59	1.0
129|38.129.38	43|129	1.0
129|34	29|129	1.0
129|34	34|129	0.710843373494
129|34	30|129	1.0
129|34	41|129.34	0.666666666667
129|34	35|129	0.333333333333
129|34	46|129	0.0232558139535
129|34	38|129	0.0361445783133
129|34	31|129	0.0697674418605
129|34	36|129	0.25
129|34	39|129	0.111111111111
129|34	43|129	0.0361445783133
129|34	34|129.34	0.555555555556
129|34	33|129	0.333333333333
129|34	36|129.34	1.0
71|72	129|71.72	0.5
71|72	67|71	0.333333333333
71|72	72|71.72	0.2
71|72	76|71	0.0625
71|72	69|71	0.5
71|72	60|71	1.0
71|72	74|71	0.3
71|72	73|71.72	0.5
71|72	69|71.72	0.333333333333
71|72	68|71	1.0
71|72	70|71	0.333333333333
71|72	79|71	0.0625
129|74.129	72|129.74.129	1.0
87|89	86|87.89	1.0
87|89	91|87	1.0
45|43.48	47|45.43.48	1.0
45|43.48	46|45.43.48	1.0
45|34	129|45	1.0
81|85	88|81	1.0
81|85	90|81	1.0
81|85	86|81	0.5
69|74.76	72|69	0.666666666667
69|74.76	71|69.74	0.333333333333
44|51	46|44	0.0487804878049
44|51	39|44.51	0.1
44|51	45|44	1.0
44|51	59|44	0.0487804878049
44|51	53|44	0.0975609756098
44|51	36|44	0.0487804878049
44|51	51|44	0.170731707317
44|51	40|44	0.0243902439024
44|51	38|44	0.317073170732
61|41	60|61	1.0
42|129.46	129|42.129.46	1.0
66|53	51|66	1.0
70|65.70	63|70	1.0
40|30	41|40	1.0
79|76.84	83|79	1.0
85|83	86|85	1.0
85|83	87|85	1.0
85|83	83|85	1.0
63|57	59|63	1.0
63|57	66|63	1.0
63|57	57|63	1.0
40|129.35	129|40.129.35	0.0833333333333
44|26	50|44	1.0
44|42.49	37|44	1.0
129|48	35|129.48	1.0
129|48	62|129	1.0
129|48	48|129	0.5
129|48	43|129	0.5
129|48	47|129	0.333333333333
129|48	46|129	0.1
129|48	38|129	1.0
129|48	55|129.48	1.0
129|48	81|129	0.333333333333
129|48	53|129.48	0.375
129|48	41|129	0.5
129|48	33|129	0.1
129|48	48|129.48	0.8
129|48	58|129	0.333333333333
129|48	50|129.48	0.5
129|48	51|129	0.5
129|48	55|129	1.0
74|73.74	70|74.73	0.333333333333
74|73.74	77|74.73	0.333333333333
74|73.74	79|74	0.333333333333
81|83.82	76|81	1.0
67|66	69|67.66	0.5
67|66	73|67	0.333333333333
67|66	65|67.66	0.25
67|66	57|67	0.333333333333
67|66	61|67	1.0
67|66	66|67.66	0.333333333333
67|66	78|	0.5
67|66	65|67	0.1
67|66	69|67	0.5
67|66	60|67	0.25
67|66	129|67.66	0.833333333333
67|66	72|67.66	1.0
67|66	71|67	1.0
67|66	64|67	0.166666666667
67|66	68|67	0.5
67|66	63|67	1.0
67|66	74|67	0.333333333333
67|66	76|67	0.125
67|66	72|67	1.0
67|66	129|67	1.0
67|66	62|67	0.5
41|64	44|41	1.0
79|75	80|79	0.666666666667
79|75	77|79.75	1.0
79|75	78|79	1.0
79|75	75|79	1.0
69|67.65	74|69	1.0
69|67.65	65|69.67	0.428571428571
69|67.65	70|69.67	0.666666666667
69|67.65	67|69.67	0.142857142857
69|67.65	71|69.67	0.333333333333
37|51.37.51.49	51|37.51.37.51.49	1.0
95|83	99|	1.0
42|49.43	36|42	0.5
42|49.43	45|42	0.5
77|76.75	65|77	0.5
77|76.75	81|77.76	0.5
129|57.61	57|129.57.61	1.0
58|52	54|58	1.0
58|52	59|58	1.0
58|52	52|58	1.0
40|35.46	49|40	0.318181818182
40|35.46	46|40.35	0.681818181818
45|40.39	44|45	1.0
65|63.62	73|65	0.5
65|63.62	70|65	0.5
78|72	86|	1.0
78|72	77|78.72	1.0
78|72	83|78	1.0
78|72	72|78	1.0
50|51.53.48	55|50	1.0
77|74.77	79|77	0.5
77|74.77	82|77	0.5
129|35.129.48	35|129.35.129.48	1.0
82|84	84|82	0.25
82|84	81|82	0.125
82|84	80|82	1.0
82|84	129|82	0.5
82|84	73|82	0.625
72|71.70	73|72.71	1.0
36|43	42|36	0.4
36|43	43|36	0.2
36|43	29|36.43	1.0
36|43	38|36	0.6
36|43	40|36	0.2
36|43	49|36.43	0.5
36|43	41|36	0.4
36|43	129|36	0.4
36|43	31|36	0.2
36|43	24|36	0.2
36|31	52|	1.0
36|31	35|36	0.5
36|31	38|36.31	1.0
36|31	31|36	1.0
36|31	24|36	0.5
32|30	36|32	0.0384615384615
32|30	34|32	0.0769230769231
32|30	30|32.30	1.0
32|30	37|32.30	0.0714285714286
32|30	129|32	0.0769230769231
67|66.67.74	76|67	1.0
57|64.57	65|57	0.510638297872
57|64.57	60|57.64	0.489361702128
54|46	60|54	0.5
54|46	63|54	0.5
40|33.45	45|40	1.0
61|64.66	66|61	0.285714285714
61|64.66	59|61	0.714285714286
46|51.46	39|46.51	1.0
48|50.53	45|48	1.0
85|76	73|85	1.0
95|90	83|95.90	0.5
72|74.76	74|72.74	0.25
72|74.76	71|72	0.166666666667
72|74.76	67|72	0.5
72|74.76	70|72.74.76	0.5
72|74.76	129|72.74	0.5
72|74.76	77|72	0.75
72|74.76	76|72	0.5
72|74.76	75|72	0.0833333333333
57|70	60|57	1.0
70|94	69|70	1.0
85|	89|85	0.148148148148
85|	80|85	1.0
85|	76|85	0.0833333333333
85|	84|85	0.4
85|	72|85	1.0
85|	92|	0.0555555555556
85|	88|85	0.5
85|	83|85	0.5
85|	73|85	0.666666666667
85|	78|85	1.0
85|	87|85	0.0833333333333
85|	90|85	0.428571428571
85|	82|85	0.166666666667
85|	86|85	0.5
85|	81|85	0.0909090909091
85|	129|85	0.181818181818
28|35	37|28	0.166666666667
28|35	33|28.35	0.833333333333
28|35	31|28	0.666666666667
41|129.34.41	43|41	1.0
63|60.58	55|63	1.0
129|72.129	76|129	1.0
129|72.129	72|129.72	1.0
71|72.83	77|71	1.0
62|54	50|62	1.0
62|54	57|62.54	0.5
62|54	59|62	0.5
62|54	56|62	1.0
57|72	60|57.72	1.0
41|129.53	43|41	1.0
62|86	60|62.86	1.0
45|38.43	57|45	1.0
53|129.53.129.50	129|53.129.53.129.50	1.0
40|35.41	41|40	0.25
40|35.41	49|40.35.41	1.0
76|66	68|76	0.2
76|66	74|76	0.8
129|77.129	75|129.77.129	1.0
50|48.47.45.60	54|50	1.0
61|129.61	63|61	0.25
61|129.61	65|61.129	0.75
70|72.60	129|70.72	1.0
35|30	31|35	1.0
35|30	42|35	0.285714285714
35|30	34|35	0.571428571429
35|30	38|35.30	1.0
35|30	33|35	0.142857142857
34|129	129|34.129	0.111111111111
34|129	36|34	0.333333333333
34|129	129|34	0.833333333333
34|129	41|34	0.666666666667
34|129	46|34	0.166666666667
34|129	32|34	0.166666666667
34|129	50|	0.666666666667
34|129	35|34	0.166666666667
129|51.129.51.129.51.129.49	45|129	0.375
129|51.129.51.129.51.129.49	42|129	0.25
129|51.129.51.129.51.129.49	51|129	0.375
42|43	55|	1.0
42|43	40|42	1.0
42|43	49|42	1.0
42|43	37|42	0.2
42|43	44|42	1.0
42|43	38|42	0.8
42|43	46|42	0.666666666667
42|55	43|42	1.0
42|55	45|42	0.5
42|55	46|42	0.5
88|89.77	86|88.89.77	1.0
59|71	71|59	0.444444444444
59|71	66|59	0.555555555556
59|71	55|59	1.0
129|53.55	53|129.53	1.0
54|47	52|54	1.0
54|47	47|54	0.5
54|47	59|54	1.0
54|47	51|54	0.5
60|56.60	61|60	1.0
60|56.60	56|60	0.666666666667
60|56.60	58|60	0.333333333333
77|75	76|77	0.2
77|75	68|77	0.2
77|75	78|77	0.2
77|75	79|77	0.2
77|75	70|77	0.5
77|75	129|77	0.2
77|75	74|77	0.75
77|75	75|77	0.2
75|71	71|75	1.0
75|71	77|75	1.0
75|71	78|75	1.0
75|71	66|75	1.0
38|55	44|38	0.5
38|55	39|38.55	0.5
38|55	49|38	1.0
129|66.67	74|129	0.5
129|66.67	67|129.66	1.0
55|52.51	54|55	1.0
43|129.43	36|43	1.0
35|129.35.129.35	129|35.129.35.129.35	1.0
37|51	42|37	0.146341463415
37|51	51|37	0.80487804878
37|51	43|37	0.0243902439024
37|51	49|37	0.0243902439024
62|60	66|62	1.0
62|60	63|62	1.0
62|60	72|62	0.166666666667
62|60	59|62	0.333333333333
62|60	60|62	0.285714285714
62|60	55|62	0.666666666667
62|60	64|62	1.0
62|60	58|62	1.0
62|60	61|62	0.5
62|60	60|62.60	0.0625
62|60	58|62.60	0.1875
62|60	63|62.60	0.75
62|60	65|62	0.5
62|60	59|62.60	0.25
62|60	69|62	1.0
62|60	65|62.60	0.75
62|60	57|62	1.0
54|58	49|54.58	1.0
54|58	55|54	0.25
54|58	57|54	0.75
54|58	56|54	1.0
54|58	62|54	1.0
67|65	58|67	0.0434782608696
67|65	60|67	0.0952380952381
67|65	63|67.65	1.0
67|65	63|67	0.5
67|65	66|67	0.0769230769231
67|65	64|67	0.333333333333
67|65	68|67.65	0.0434782608696
67|65	36|67	0.166666666667
67|65	129|67.65	1.0
67|65	73|67	0.5
67|65	69|67.65	0.130434782609
67|65	61|67	0.1
67|65	68|67	0.166666666667
67|65	76|67	0.25
67|65	55|67	0.333333333333
67|65	70|67	0.5
67|65	64|67.65	0.4
67|65	66|67.65	1.0
67|65	72|67	0.2
67|65	65|67.65	0.739130434783
67|65	69|67	1.0
67|65	71|67	0.5
67|65	62|67	0.2
59|57	57|59	0.666666666667
59|57	55|59	1.0
59|57	60|59.57	0.384615384615
59|57	61|59	1.0
59|57	67|59	1.0
59|57	62|59.57	0.666666666667
59|57	56|59	0.1
59|57	64|59.57	1.0
59|57	62|59	0.0769230769231
59|57	46|	0.1
59|57	50|59	0.153846153846
59|57	69|59	1.0
59|57	52|59.57	0.333333333333
59|57	64|59	1.0
62|60.57.64	60|62	1.0
69|72.74	70|69.72	0.666666666667
69|72.74	72|69.72	0.333333333333
69|72.74	65|69.72	1.0
63|78	65|63	1.0
83|78	87|83	0.666666666667
83|78	78|83	1.0
83|78	71|83.78	0.333333333333
42|129.46.129.49	129|42.129.46.129.49	1.0
36|35.33.48	38|36.35.33.48	1.0
76|81	79|76.81	1.0
76|81	79|76	1.0
76|81	73|76	0.833333333333
76|81	78|76	1.0
76|81	72|76	0.166666666667
76|81	77|76	0.2
76|81	74|76.81	0.2
44|51.39.53	46|44	1.0
65|67.70	64|65	0.333333333333
65|67.70	129|65.67	0.2
65|67.70	64|65.67	0.4
65|67.70	67|65	0.2
65|67.70	60|65	0.333333333333
65|67.70	61|65	0.333333333333
65|67.70	75|65	0.2
65|67.70	63|65	1.0
129|53.129.46	57|129	0.5
129|53.129.46	53|129.53.129	0.5
129|53.129.46	53|129.53	1.0
129|53.129.46	53|129	1.0
129|45	44|129	0.333333333333
129|45	43|129	0.333333333333
129|45	42|129	0.5
129|45	52|129	0.5
129|45	47|129	0.5
129|45	43|129.45	1.0
129|45	45|129.45	0.9
129|45	35|129	0.5
129|45	46|129	0.333333333333
129|45	38|129	1.0
129|45	57|129	0.25
129|45	49|129.45	1.0
129|45	50|129	0.5
129|45	41|129	0.047619047619
129|45	53|129.45	1.0
129|45	45|129	0.5
129|45	51|129	0.285714285714
129|45	40|129	0.5
57|56.57	45|57	0.111111111111
57|56.57	61|57	0.111111111111
57|56.57	49|57	0.222222222222
57|56.57	52|57.56	0.111111111111
57|56.57	62|57	0.111111111111
57|56.57	59|57.56	0.333333333333
129|41.129.43	34|129.41	0.5
129|41.129.43	41|129.41.129.43	1.0
69|67.76	64|69	1.0
71|69.66.69	76|71	1.0
74|129.72	129|74.129.72	1.0
74|129.72	76|74	1.0
62|60.57.62	59|62	1.0
46|41.46.51	39|46	1.0
39|36.44	36|39.36	0.666666666667
39|36.44	38|39.36	0.333333333333
74|69	78|74	1.0
74|69	77|74	0.5
74|69	76|74	1.0
74|69	71|74	0.25
74|69	68|74	0.166666666667
74|69	72|74.69	1.0
74|69	69|74	0.5
74|69	76|74.69	1.0
74|69	65|74	1.0
74|69	67|74	0.5
74|69	73|74.69	1.0
74|69	77|74.69	0.8
74|69	129|74.69	1.0
74|69	72|74	0.166666666667
129|51	44|129	0.5
129|51	48|129	1.0
129|51	38|129.51	0.0740740740741
129|51	50|129.51	1.0
129|51	53|129.51	0.25
129|51	42|129	0.00925925925926
129|51	48|129.51	1.0
129|51	53|129	1.0
129|51	55|129.51	1.0
129|51	35|129	0.25
129|51	46|129	0.285714285714
129|51	57|129	0.0138888888889
129|51	49|129.51	0.037037037037
129|51	36|129	0.0173913043478
129|51	81|129	0.00462962962963
129|51	41|129	0.037037037037
129|51	45|129	1.0
129|51	58|129	0.0714285714286
129|51	51|129	0.25
129|51	49|129	0.0655737704918
129|51	58|129.51	1.0
53|39.44	44|53	1.0
72|74.71	71|72.74.71	1.0
72|74.71	69|72	0.5
92|78	95|92	1.0
61|59.57.129	57|61	1.0
71|72.69	69|71.72.69	0.333333333333
71|72.69	70|71	0.666666666667
71|72.69	72|71.72.69	1.0
73|75.73.66	75|73	1.0
84|86.88	81|84	1.0
84|86.88	86|84.86.88	1.0
84|86.88	89|84	0.047619047619
84|86.88	83|84	0.333333333333
84|86.88	88|84	0.380952380952
75|78.75	72|75	0.5
75|78.75	71|75	0.5
46|53	129|46	0.428571428571
46|53	53|46	0.5
46|53	65|	0.5
46|53	50|46	0.8
46|53	51|46	0.142857142857
46|53	48|46.53	1.0
46|53	38|46	0.5
46|53	47|46	0.5
46|53	129|46.53	0.5
46|53	49|46	1.0
46|53	48|46	0.285714285714
46|53	58|46	0.2
46|53	34|46	1.0
71|69.66	69|71.69	0.142857142857
71|69.66	66|71	0.857142857143
73|76.74	69|73.76.74	1.0
70|72.129.70	129|70.72.129.70	1.0
38|44.51.38	44|38	1.0
45|44	47|45	0.333333333333
45|44	39|45	0.0454545454545
45|44	54|45	0.25
45|44	47|45.44	0.25
45|44	40|45	0.0454545454545
45|44	52|45	0.5
45|44	42|45	1.0
45|44	49|45	1.0
45|44	44|45	0.5
45|44	33|45	0.0454545454545
45|44	37|45	0.0909090909091
45|44	38|45	0.5
45|44	57|45.44	0.5
45|44	50|45.44	0.2
45|44	48|45	1.0
66|67.129	129|66	1.0
68|63.68	72|68	0.666666666667
68|63.68	63|68.63	0.333333333333
42|28	43|42	1.0
52|57	57|52.57	1.0
52|57	64|52.57	1.0
52|57	59|52.57	1.0
52|57	56|52	0.2
52|57	45|52	1.0
52|57	55|52.57	1.0
52|57	55|52	1.0
52|57	49|52	1.0
52|57	62|52	1.0
52|57	54|52	1.0
52|57	53|52	0.5
67|59	59|67	0.5
67|59	57|67	1.0
67|59	66|67	0.5
67|59	65|67	0.666666666667
67|59	68|67	1.0
67|59	129|67.59	1.0
34|35	37|34	0.2
34|35	36|34	0.2
34|35	38|34	0.125
34|35	33|34	1.0
34|35	22|	0.4
34|35	32|34	0.2
68|58	51|68	1.0
68|58	58|68	1.0
62|52	59|62	1.0
62|52	57|62.52	1.0
57|64.62	64|57.64	0.96
57|64.62	65|57	0.04
129|73	74|129.73	1.0
129|73	76|129	1.0
129|73	71|129.73	1.0
129|73	74|129	1.0
129|73	64|129	0.25
129|73	73|129	1.0
129|73	72|129	0.75
129|73	55|129	1.0
71|81	73|71	1.0
71|81	90|71	0.333333333333
71|81	76|71	0.333333333333
71|81	78|71	0.333333333333
33|29	28|33	1.0
129|65	60|129	0.352941176471
129|65	64|129.65	0.176470588235
129|65	63|129	1.0
129|65	59|129	1.0
129|65	69|129	0.25
129|65	74|129	0.5
129|65	65|129	0.722222222222
129|65	72|129	0.25
129|65	69|129.65	0.181818181818
129|65	72|129.65	1.0
129|65	86|129	0.5
129|65	70|129	1.0
129|65	53|129.65	1.0
129|65	58|129	0.636363636364
129|65	68|129	0.111111111111
129|65	62|129.65	0.333333333333
129|65	64|129	0.25
129|65	65|129.65	0.75
129|65	67|129	0.272727272727
70|72.70.72	69|70.72.70	1.0
72|73	129|72	0.25
72|73	77|72.73	0.6
72|73	65|72	0.5
72|73	71|72	0.333333333333
72|73	70|72	0.333333333333
72|73	59|	1.0
72|73	68|72	0.1875
72|73	76|72	0.0625
72|73	75|72	0.333333333333
72|73	73|72.73	0.333333333333
72|73	74|72	0.333333333333
42|49.42	45|42.49.42	1.0
42|49.42	36|42.49.42	1.0
43|49	41|43.49	1.0
43|49	50|43	0.4
43|49	129|43	0.2
67|66.64	66|67.66	0.4
67|66.64	66|67	1.0
67|66.64	64|67	0.4
67|66.64	129|67.66.64	1.0
67|66.64	69|67	0.2
67|66.64	71|67	0.333333333333
55|54.59	52|55	1.0
63|62.68	64|63	1.0
73|69	70|73	0.0105263157895
73|69	129|73	0.5
73|69	68|73	1.0
73|69	72|73	1.0
73|69	78|73	0.5
73|69	64|73	1.0
73|69	38|	0.210526315789
73|69	71|73	0.4
73|69	42|	0.663157894737
73|69	69|73	0.105263157895
73|69	36|	0.0105263157895
73|69	76|73	0.4
73|69	74|73.69	1.0
58|64	60|58	1.0
58|64	61|58	1.0
58|64	65|58	1.0
58|64	67|58	1.0
58|64	55|58	1.0
79|78.79	78|79.78.79	0.25
79|78.79	67|79	0.5
79|78.79	76|79	0.333333333333
79|78.79	74|79	0.25
79|78.79	81|79.78	0.25
79|78.79	83|79	1.0
79|78.79	76|79.78	0.5
28|33.28	45|28	1.0
34|48	39|34	1.0
34|48	129|34	0.75
34|48	40|34	0.25
43|41.26	38|43	1.0
129|74.129.69	72|129	1.0
53|32	58|53	1.0
52|53.52	50|52	0.666666666667
52|53.52	58|52	1.0
52|53.52	54|52	0.333333333333
44|34	46|44	1.0
50|54	52|50	0.142857142857
50|54	55|50	0.142857142857
50|54	38|50	1.0
50|54	49|50	0.428571428571
50|54	54|50.54	0.25
50|54	46|50	0.142857142857
50|54	47|50	1.0
50|54	57|50	0.142857142857
50|54	56|50	0.142857142857
69|64.69.72	67|69	1.0
46|60	53|46	0.4
46|60	50|46	1.0
46|60	54|46	0.4
46|60	55|46	0.2
63|65.129	61|63.65.129	0.571428571429
129|34.129.41	43|129	0.25
129|34.129.41	34|129.34.129.41	1.0
59|	57|59	0.5
59|	49|59	0.111111111111
59|	63|59	0.0253164556962
59|	58|59	0.5
59|	38|	0.105263157895
59|	53|59	0.6
59|	67|59	0.25
59|	42|59	1.0
59|	68|59	0.0666666666667
59|	39|59	0.375
59|	56|59	0.166666666667
59|	50|59	0.111111111111
59|	47|59	1.0
59|	52|59	0.0588235294118
59|	60|59	0.5
59|	43|59	0.444444444444
59|	69|59	0.25
59|	71|59	0.133333333333
59|	45|	0.4
59|	64|59	0.285714285714
59|	44|59	0.142857142857
59|	72|	0.2
59|	55|59	0.214285714286
59|	70|	0.333333333333
59|	61|59	0.333333333333
59|	40|59	0.230769230769
59|	35|59	1.0
59|	51|59	0.5
59|	65|59	0.692307692308
59|	54|59	0.0588235294118
59|	48|59	0.222222222222
59|	62|59	0.333333333333
59|	46|	0.0526315789474
59|	36|59	0.0526315789474
59|	129|59	0.222222222222
59|	66|59	0.166666666667
44|47	45|44.47	0.555555555556
44|47	49|44	0.111111111111
44|47	43|44	1.0
44|47	41|44	0.0555555555556
44|47	40|44	1.0
44|47	38|44	0.111111111111
44|47	47|44	0.0555555555556
129|58	57|129	0.037037037037
129|58	55|129.58	1.0
129|58	62|129	0.0909090909091
129|58	60|129.58	1.0
129|58	69|129	1.0
129|58	81|129	0.333333333333
129|58	65|129	0.666666666667
129|58	58|129.58	1.0
129|58	86|129	0.333333333333
129|58	67|129	0.166666666667
129|58	56|129	0.25
129|58	61|129	0.5
129|58	58|129	0.75
129|58	63|129	0.333333333333
129|58	51|129	0.333333333333
129|58	49|129	0.6
129|58	46|129	0.166666666667
64|60.55	58|64	0.333333333333
64|60.55	55|64	0.666666666667
97|100	93|97	1.0
57|54.42	56|57	1.0
45|28	33|45	1.0
77|74.72	76|77.74	1.0
72|129	69|72	0.25
72|129	73|72	0.2
72|129	65|72	0.25
72|129	62|72	0.5
72|129	70|72	0.444444444444
72|129	59|	1.0
72|129	71|72	1.0
72|129	75|72.129	1.0
72|129	129|72.129	1.0
72|129	76|72	0.333333333333
72|129	74|72	1.0
69|71.72.69	71|69.71	0.333333333333
69|71.72.69	67|69.71.72.69	1.0
67|129	66|67.129	0.166666666667
67|129	74|67	1.0
67|129	69|67.129	0.333333333333
67|129	70|67	0.25
67|129	68|67.129	1.0
67|129	65|67	0.5
67|129	75|67	0.5
67|129	69|67	0.5
67|129	71|67.129	1.0
67|129	71|67	0.111111111111
67|129	64|67	0.5
67|129	63|67	0.5
67|129	76|67	0.222222222222
67|129	72|67	1.0
67|129	129|67	0.666666666667
37|34	39|37	0.111111111111
37|34	41|37	0.666666666667
37|34	35|37	0.333333333333
37|34	25|	0.333333333333
37|34	36|37	0.25
37|34	42|37	0.111111111111
37|34	40|37	0.111111111111
37|34	22|	1.0
37|34	33|37	0.5
74|70	76|74.70	1.0
74|70	69|74	0.5
74|70	75|74	0.333333333333
74|70	82|74	0.166666666667
74|70	77|74	0.5
74|70	79|74.70	1.0
74|70	129|74.70	1.0
74|70	70|74	0.25
74|70	72|74.70	1.0
74|70	73|74	0.444444444444
74|70	72|74	0.333333333333
129|70.72.129.70	69|129.70.72.129.70	1.0
68|70.73	60|68	1.0
36|23	41|36	1.0
129|57.50	54|	1.0
67|69.72.77	70|67	1.0
64|60.64	67|64	1.0
64|60.64	62|64	1.0
44|49	49|44	0.2
44|49	43|44	0.5
44|49	45|44.49	1.0
44|49	37|44	0.5
44|49	53|44	0.5
44|49	48|	0.2
44|49	37|44.49	1.0
44|49	38|44	1.0
44|49	47|44	1.0
83|77	71|83.77	0.5
75|	68|75	0.125
75|	67|75	0.125
75|	71|75	0.25
75|	82|75	0.1
75|	76|75	0.75
75|	80|75	0.136363636364
75|	83|75	1.0
75|	66|75	1.0
75|	74|75	0.5
75|	65|75	0.0833333333333
75|	79|75	0.1
75|	72|75	0.125
75|	70|75	1.0
75|	69|75	0.0833333333333
75|	129|75	0.166666666667
75|	81|75	0.5
75|	84|	0.1
75|	77|75	0.125
75|	60|	1.0
75|	62|75	0.5
75|	78|75	0.208333333333
75|	73|75	0.25
129|69.129.70	67|129.69.129.70	1.0
41|39.38.129	29|41.39	1.0
52|27	51|52	1.0
60|69	58|60	1.0
60|69	57|60	1.0
60|69	67|60	0.5
60|69	70|	0.5
60|69	65|60	0.333333333333
60|69	69|60	0.333333333333
60|69	72|60	0.333333333333
60|69	62|60	1.0
51|64	63|51	1.0
57|52.45.49	56|57	1.0
74|75.79	73|74	1.0
37|49	34|37	0.5
37|49	40|37	0.333333333333
37|49	49|37	0.888888888889
37|49	42|37	0.333333333333
37|49	35|37	0.333333333333
37|49	38|37	0.5
37|49	33|37	0.111111111111
70|72.65	68|70.72.65	1.0
76|63	79|76	1.0
53|129.55	129|53.129.55	0.5
80|92	87|80	1.0
58|74	70|58	1.0
66|76	64|66	1.0
58|65	59|58	1.0
58|65	67|58	0.333333333333
58|65	57|58	0.5
58|65	77|58	1.0
58|65	61|58	1.0
58|65	62|58	0.5
58|65	63|58	1.0
58|65	65|58	0.666666666667
58|65	46|58	1.0
58|65	60|58.65	0.333333333333
58|65	70|58	0.222222222222
58|65	67|58.65	1.0
58|65	55|58	1.0
90|87	87|90	0.2
90|87	76|90	0.1
90|87	78|90.87	1.0
90|87	83|90	0.4
90|87	88|90	0.1
90|87	81|90	0.1
67|58.129	58|67.58.129	1.0
69|70.69.129	64|69	1.0
90|	87|90	1.0
90|	78|90	0.2
90|	88|90	0.1
90|	83|90	0.75
90|	92|90	0.1
90|	86|	0.0232558139535
90|	82|90	1.0
90|	74|90	1.0
90|	93|90	0.5
90|	85|90	1.0
90|	129|90	1.0
90|	81|90	0.25
90|	91|	0.4
90|	95|90	1.0
90|	100|	0.0232558139535
90|	76|90	1.0
90|	89|90	1.0
90|	97|	0.0232558139535
90|	99|	0.0232558139535
55|61	53|55	1.0
55|61	51|55	1.0
55|61	56|55	1.0
55|61	57|55	1.0
55|61	64|55	1.0
55|61	59|55.61	1.0
55|61	52|55	1.0
36|43.36.24	41|36.43.36.24	1.0
79|129	81|79	1.0
79|129	80|79	0.666666666667
79|129	74|79.129	1.0
79|129	77|79	1.0
79|129	84|79	0.333333333333
79|129	129|79	0.2
66|64.62.57	62|66	1.0
78|76.78	76|78.76	1.0
78|76.78	74|78	0.5
78|76.78	76|78.76.78	1.0
78|76.78	79|78	0.166666666667
129|51.129.49.129.51	38|129.51	1.0
72|68.70	69|72	1.0
68|129	129|68	1.0
68|129	69|68	1.0
68|129	66|68	1.0
68|129	65|68	1.0
33|	52|	0.0285714285714
33|	50|33	0.027027027027
33|	26|33	0.5
33|	67|	0.5
33|	45|33	0.027027027027
33|	32|33	0.08
33|	36|33	0.189189189189
33|	35|33	0.0810810810811
33|	42|33	0.142857142857
33|	31|33	0.2
33|	46|33	1.0
33|	34|33	0.0540540540541
33|	43|33	1.0
33|	39|33	1.0
33|	30|33	0.231343283582
33|	21|	0.142857142857
33|	51|33	0.0714285714286
33|	129|33	0.216216216216
33|	40|33	0.108108108108
33|	38|33	0.135135135135
33|	37|33	0.0810810810811
33|	28|33	0.027027027027
33|	44|33	0.0714285714286
33|	41|33	1.0
77|79.81	74|77.79	0.0909090909091
77|79.81	76|77.79	0.5
77|79.81	80|77	0.0454545454545
77|79.81	79|77.79	1.0
51|39.46	44|51.39.46	1.0
56|129.56	55|56	1.0
69|71.129	74|69.71	1.0
69|71.129	67|69.71	1.0
38|39.45	26|	0.333333333333
38|39.45	36|38	0.333333333333
38|39.45	41|38	0.333333333333
68|61	74|68	1.0
68|61	66|68.61	1.0
68|61	77|	1.0
68|61	64|68	0.875
73|85	83|73	0.333333333333
73|85	77|73	0.666666666667
74|75.67	80|74	1.0
74|76.81	76|74.76	1.0
74|76.81	81|74	1.0
66|59	59|66	1.0
66|59	61|66	1.0
66|59	129|66	1.0
66|59	71|66	1.0
88|95	87|88	1.0
47|48	50|47	0.5
47|48	40|47	0.333333333333
47|48	73|47	1.0
47|48	43|47	0.166666666667
47|48	44|47	1.0
47|48	45|47.48	0.333333333333
47|48	45|47	1.0
47|48	48|47	0.333333333333
52|50.59	55|52.50	1.0
52|50.59	57|52	1.0
50|42.47	47|50	1.0
129|60.64	60|129	1.0
56|70	60|56	1.0
69|78	79|69	0.5
69|78	76|69	0.5
69|78	85|69	1.0
49|47.49	45|49	0.5
49|47.49	50|49	0.5
48|50.48	47|48	1.0
56|64	57|56	1.0
56|64	63|56	1.0
71|63	64|71	1.0
71|63	61|	1.0
63|61.58	129|63	0.2
63|61.58	65|63.61.58	1.0
55|53.52.50	57|55	1.0
53|65	61|53	1.0
53|65	57|53	1.0
53|65	129|53	1.0
53|65	62|53	0.5
53|65	51|53	0.5
53|65	52|53	1.0
53|65	65|53	1.0
48|60	47|48	0.2
48|60	55|48	0.333333333333
48|60	53|48.60	0.75
48|60	57|48	0.5
48|60	65|	0.5
48|60	43|48	1.0
48|60	58|48	0.666666666667
44|56	51|44	1.0
129|74.129.72	75|129	1.0
70|68.67.65	72|70.68.67.65	0.5
59|69.61	62|59	1.0
129|36.129.41	33|129.36	1.0
63|62.63	75|63	0.230769230769
63|62.63	60|63	0.230769230769
63|62.63	69|63	0.384615384615
63|62.63	68|63	0.0769230769231
63|62.63	73|63	0.0769230769231
62|66.69	66|62	1.0
34|129.34	129|34.129.34	1.0
70|69.129.67	129|70.69.129.67	1.0
45|41	129|45	0.5
45|41	46|45	0.0769230769231
45|41	39|45	1.0
45|41	48|45.41	1.0
45|41	40|45	0.5
45|41	41|45	1.0
45|41	29|45	1.0
45|41	43|45	0.5
45|41	48|45	0.666666666667
45|41	50|45	0.166666666667
46|40.46	35|46.40	1.0
64|73.70	76|64	1.0
65|60.65	48|65	1.0
31|29.27	30|31.29	1.0
71|62	70|71	0.5
71|62	62|71	1.0
71|62	72|71	0.5
38|23	40|38	1.0
90|81	93|90	0.333333333333
90|81	78|90	0.666666666667
129|51.59	33|129	1.0
35|45	37|35	1.0
35|45	34|35	1.0
57|59.54	56|57.59	1.0
57|59.54	60|57.59	1.0
70|81	69|70	1.0
129|61.65	60|129	0.285714285714
129|61.65	56|129.61	0.571428571429
129|61.65	63|129	0.142857142857
61|56.63.58	58|61	1.0
38|47	48|38	1.0
65|64.67.58	57|65	1.0
68|69.70	61|68	1.0
68|69.70	66|68	0.5
68|69.70	67|68	0.5
56|55.53	54|56	1.0
86|89.85	89|86.89.85	1.0
64|52.61	51|64	1.0
69|47	45|	0.8
69|47	73|69	0.2
69|47	52|69	0.5
69|47	67|69	0.5
47|45.43.38	36|47	1.0
129|56	60|129	0.5
129|56	56|129	1.0
129|56	51|129.56	0.5
129|56	60|129.56	1.0
129|56	56|129.56	1.0
129|56	53|129	0.5
129|56	65|129	0.428571428571
61|64	63|61	1.0
61|64	56|61	0.666666666667
61|64	64|61.64	0.833333333333
61|64	57|61.64	1.0
61|64	129|61	1.0
61|64	58|61.64	1.0
61|64	60|61	0.5
61|64	62|61	0.5
61|64	58|61	1.0
61|64	55|61	1.0
61|64	65|61	0.166666666667
61|64	60|61.64	0.5
61|64	66|61	0.25
61|64	59|61	0.25
61|64	52|61	0.333333333333
82|81.80	86|82	1.0
67|69.71	66|67.69	0.5
67|69.71	66|67	1.0
67|69.71	69|67.69.71	0.5
44|129.49	129|44.129.49	1.0
129|40.129.40	57|129	0.173913043478
129|40.129.40	59|129	0.0434782608696
129|40.129.40	40|129.40	0.54347826087
129|40.129.40	50|129	0.0217391304348
129|40.129.40	35|129	0.217391304348
59|52.57	52|59	1.0
53|129.65	129|53.129.65	0.666666666667
41|129.34.129	34|41	0.8
41|129.34.129	129|41.129.34	0.2
33|45.43.38	30|33	0.5
33|45.43.38	38|33.45	0.5
70|	58|70	0.0909090909091
70|	60|70	0.015037593985
70|	78|70	1.0
70|	71|70	1.0
70|	87|70	1.0
70|	64|70	0.190476190476
70|	48|	0.0555555555556
70|	68|70	0.228571428571
70|	59|70	1.0
70|	63|70	0.171428571429
70|	79|70	0.204545454545
70|	76|70	0.25
70|	82|70	0.0384615384615
70|	55|70	0.0243902439024
70|	67|70	1.0
70|	72|70	0.228571428571
70|	51|	0.555555555556
70|	62|70	0.1
70|	129|70	1.0
70|	77|70	0.0384615384615
70|	56|70	1.0
70|	66|70	0.5
70|	73|70	0.833333333333
70|	80|70	1.0
70|	74|70	0.142857142857
70|	57|70	1.0
70|	61|70	0.666666666667
70|	44|	0.444444444444
70|	65|70	0.0857142857143
70|	75|70	0.125
70|	69|70	0.285714285714
91|88	79|91	0.75
91|88	95|91	0.25
48|65	41|48	1.0
37|51.44	51|37.51.44	1.0
46|40	129|46	0.666666666667
46|40	40|46	0.387096774194
46|40	35|46.40	0.157894736842
46|40	33|46	0.333333333333
61|57.52	57|61.57	1.0
57|52.57	52|57.52.57	1.0
49|50.52	52|49	0.0833333333333
49|50.52	50|49	0.0833333333333
49|50.52	47|49	0.833333333333
53|35.53.35.53.35.53.35	57|53	0.5
53|35.53.35.53.35.53.35	49|53	0.5
55|57.50	53|55.57.50	1.0
58|60.65	70|58	0.5
58|60.65	65|58	0.5
44|60	39|44	1.0
65|69.70.65	62|65	0.5
65|69.70.65	70|65.69.70.65	1.0
42|36	36|42	0.380952380952
42|36	49|42	0.5
42|36	129|42	0.5
42|36	41|42.36	1.0
42|36	57|	0.047619047619
42|36	46|42.36	1.0
42|36	38|42	0.0952380952381
39|129.39	38|39	1.0
64|67	66|64.67	0.111111111111
64|67	71|64	0.5
64|67	79|64	0.2
64|67	69|64	1.0
64|67	82|	0.0833333333333
64|67	61|64	0.25
64|67	70|64	0.0833333333333
64|67	59|64	0.25
64|67	69|64.67	0.2
64|67	57|64	0.0833333333333
64|67	58|64	0.5
64|67	62|64	0.142857142857
64|67	129|64	1.0
64|67	90|64	0.2
64|67	63|64	0.5
64|67	60|64.67	0.4
64|67	67|64	0.75
64|67	62|64.67	0.4
64|67	72|64	0.125
64|67	65|64.67	0.222222222222
64|67	60|64	0.5
69|68.72	77|69	1.0
65|77	129|65	0.25
65|77	74|65	0.5
65|77	57|65	1.0
65|77	68|65	0.75
65|77	75|65	1.0
65|77	63|65	0.5
56|53.51	55|56.53	0.333333333333
56|53.51	53|56.53	0.666666666667
67|66.67.72	74|67	1.0
31|39	32|31.39	1.0
31|39	40|31	1.0
69|70.69.70	68|69.70	1.0
66|74	64|66	1.0
100|	97|100	1.0
100|	88|100	0.5
100|	95|100	1.0
79|67	76|79	1.0
79|67	78|79	1.0
79|67	77|79	1.0
79|67	75|79	1.0
36|35.33.36	38|36.35.33.36	1.0
68|64	69|68	0.5
68|64	73|68	0.5
68|64	64|68	0.2
68|64	61|68	0.5
68|64	71|68.64	1.0
68|64	129|68	0.25
68|64	71|68	0.1
68|64	66|68	0.2
68|64	65|68	1.0
68|64	59|68	0.5
68|64	62|68	0.5
53|43	55|53	1.0
70|74.73	67|70	1.0
36|59	38|36	1.0
77|79.81.82	80|77	0.333333333333
77|79.81.82	76|77.79.81.82	1.0
77|79.81.82	79|77.79	0.333333333333
69|74	67|69.74	1.0
69|74	129|69.74	1.0
69|74	76|69	1.0
69|74	78|69	0.333333333333
69|74	66|69.74	1.0
69|74	68|69	1.0
69|74	74|69	1.0
69|74	77|69	0.5
69|74	73|69	1.0
69|74	71|69.74	0.2
69|74	72|69	0.5
69|74	70|69	0.2
69|74	79|69	0.125
69|71.72.71.69	68|69.71	0.5
69|71.72.71.69	74|69	0.5
76|88	81|76	0.142857142857
76|88	88|76	0.0714285714286
76|88	74|76	0.0714285714286
76|88	68|76	0.0714285714286
76|88	80|76.88	1.0
76|88	78|76	0.214285714286
76|88	82|76	0.0714285714286
76|88	99|	0.142857142857
76|88	83|76	1.0
52|45.49	57|52.45.49	1.0
52|45.49	129|52	0.333333333333
52|45.49	45|52.45.49	0.5
52|45.49	54|52	0.333333333333
44|37	33|44	0.2
44|37	43|44	1.0
44|37	37|44	0.2
44|37	46|44.37	0.5
44|37	51|44.37	1.0
44|37	35|44	1.0
88|86.84	89|88.86	0.9
88|86.84	86|88.86.84	1.0
38|40.50	36|38	1.0
72|129.60	129|72.129	1.0
62|57.129.57	61|62.57.129.57	1.0
72|70.68.65	68|72	1.0
57|64.57.62	65|57	1.0
68|75	67|68.75	1.0
68|75	67|68	1.0
39|38.44.39	46|39	0.333333333333
39|38.44.39	36|39	0.333333333333
39|38.44.39	51|39.38.44.39	1.0
51|68	69|51	1.0
51|68	66|51	1.0
53|59	60|53	1.0
53|59	58|53	1.0
53|59	49|53	1.0
48|129.55	53|48.129	1.0
44|32	34|	1.0
44|32	37|44.32	0.666666666667
69|62.67	62|69	1.0
42|49.36.42	45|42.49.36	0.666666666667
42|49.36.42	38|42	0.333333333333
129|67.129.67.129.66	66|129.67.129.67.129.66	1.0
129|67.129.67.129.66	67|129.67	0.666666666667
129|53.129.55	46|129.53	0.5
129|53.129.55	53|129.53.129.55	1.0
77|79.81.77	76|77.79.81.77	1.0
63|68.63	129|63	1.0
52|53.55.54	53|52.53	1.0
70|69.70	72|70.69.70	1.0
70|69.70	73|70	1.0
70|69.70	72|70	1.0
70|69.70	69|70.69.70	1.0
39|33	50|39	1.0
52|53.55	45|52	1.0
73|71	70|73	0.5
73|71	74|73.71	0.5
73|71	71|73	0.5
73|71	66|73	0.25
73|71	74|73	0.333333333333
73|71	75|73	1.0
73|71	69|73.71	0.5
88|89	86|88.89	0.818181818182
88|89	87|88	0.181818181818
56|129	60|56	1.0
56|129	49|56	0.333333333333
56|129	55|56	0.25
56|129	54|56	0.166666666667
56|129	58|56.129	1.0
56|129	129|56.129	0.666666666667
56|129	65|56	0.25
56|129	52|56	1.0
56|129	57|56.129	1.0
37|38	35|37	0.25
37|38	36|37	0.5
37|38	49|37	0.5
37|38	51|37	0.25
37|38	43|37	0.25
37|38	33|37	0.2
37|38	32|37	0.428571428571
37|38	38|37	0.75
37|38	40|37	0.266666666667
84|86.88.89	81|84	1.0
46|41.48	44|46	1.0
72|76	69|72	1.0
72|76	70|72	0.4
72|76	76|72.76	0.5
72|76	81|72	0.0714285714286
72|76	67|72	0.2
72|76	69|72.76	0.25
72|76	129|72	0.5
72|76	79|72	0.5
72|76	74|72.76	0.5
72|76	129|72.76	1.0
72|76	74|72	1.0
72|76	71|72.76	0.142857142857
61|57.61	59|61	1.0
48|53.41.48	43|48	0.166666666667
48|53.41.48	41|48.53	0.833333333333
74|90	71|74	1.0
70|67	69|70.67	0.714285714286
70|67	58|70	0.5
70|67	78|70	0.5
70|67	68|70.67	1.0
70|67	64|70	0.5
70|67	48|	0.333333333333
70|67	72|70.67	0.5
70|67	68|70	0.5
70|67	79|70	0.5
70|67	67|70	0.333333333333
70|67	72|70	1.0
70|67	62|70	0.666666666667
70|67	129|70	0.25
70|67	73|70	1.0
70|67	80|70	1.0
70|67	74|70	0.5
70|67	57|70	0.333333333333
70|67	65|70	1.0
70|67	75|70	0.5
69|129.66	129|69.129	1.0
72|74.76.74.79	77|72	1.0
46|48.45	43|46	1.0
129|61.60	65|129	0.8
129|61.60	63|129	0.2
69|68.66	62|69	1.0
33|35.38	35|33.35.38	1.0
43|38.35	45|43	1.0
41|53.48.46	48|41	1.0
57|54.55	55|57.54	1.0
92|97	100|	1.0
81|90	90|81	0.25
81|90	87|81	0.75
54|63	53|54	1.0
45|57	49|45	1.0
45|57	44|45	0.333333333333
45|57	46|45	0.333333333333
45|57	52|45	1.0
45|57	50|45.57	0.666666666667
45|57	50|45	0.666666666667
57|56.61	62|57	1.0
60|57.72	65|60.57.72	1.0
95|91	91|95	1.0
72|70.72.74	68|72.70.72.74	1.0
72|56	73|72	1.0
54|52.50	52|54	1.0
44|39	46|44	1.0
44|39	38|44.39	0.25
44|39	43|44.39	0.333333333333
44|39	35|44	0.333333333333
44|39	36|44	0.117647058824
44|39	37|44	1.0
44|39	51|44	0.333333333333
44|39	39|44.39	1.0
44|39	53|44	0.294117647059
44|39	45|44	0.333333333333
35|40.57	41|	1.0
75|72.129	77|75	1.0
55|52	41|	0.111111111111
55|52	43|55	0.0625
55|52	60|55.52	0.25
55|52	56|55	0.5
55|52	57|55.52	0.5
55|52	54|55	0.5
55|52	129|55.52	1.0
55|52	50|55	0.3125
55|52	129|55	1.0
55|52	58|55.52	0.5
55|52	51|55	0.333333333333
55|52	53|55.52	1.0
55|52	61|55	0.5
55|52	48|55	0.25
55|52	45|55	0.1875
55|52	52|55	1.0
55|52	59|55	0.0625
37|44.32	34|37	0.333333333333
37|44.32	48|37	0.666666666667
45|42	49|45	0.5
45|42	44|45	0.2
45|42	47|45	0.8
45|42	38|45	1.0
45|42	57|45	1.0
45|42	42|45	1.0
45|42	48|45	0.5
58|60.62.58	64|58	0.5
58|60.62.58	60|58	0.5
36|43.48	45|36	1.0
64|59.56	56|64	0.666666666667
64|59.56	57|64	0.333333333333
129|70.129.70	74|129.70	1.0
54|49	50|54	0.25
54|49	52|54	0.25
54|49	47|54	0.0833333333333
54|49	57|54	1.0
54|49	45|54	0.5
54|49	59|54	0.166666666667
54|49	37|	0.25
54|49	58|54	0.166666666667
54|49	42|54	0.25
54|49	49|54	0.0833333333333
66|45	47|66	0.5
66|45	42|	0.5
70|72.70.69	67|70	1.0
56|60	60|56	0.5
56|60	62|56.60	1.0
56|60	59|56	1.0
56|60	58|56	0.166666666667
56|60	57|56	0.166666666667
56|60	60|56.60	1.0
56|60	53|56	0.0909090909091
56|60	65|56	0.5
56|60	55|56.60	0.166666666667
56|60	52|56	0.166666666667
56|60	62|56	1.0
56|60	129|56	0.5
56|60	51|56	1.0
62|46	46|62	0.5
62|46	53|62	0.5
46|42.51	45|46	1.0
65|62.60	64|65.62.60	0.666666666667
51|39.34	46|51.39.34	1.0
51|39.34	39|51	0.5
46|57.61	45|46	1.0
69|68.76	73|69	1.0
67|79	69|67	1.0
37|44	41|37	0.25
37|44	40|37	0.125
37|44	43|37	0.25
37|44	51|37	0.375
37|44	48|37	0.25
37|44	35|37	0.363636363636
37|44	44|37	0.375
37|44	42|37.44	0.636363636364
51|129	53|51	1.0
51|129	33|	0.125
51|129	129|51	0.375
51|129	37|51.129	1.0
51|129	59|51	0.125
51|129	56|51	1.0
51|129	47|51	0.125
51|129	35|51	1.0
71|73.74	69|71.73.74	1.0
53|52.55	52|53.52.55	1.0
53|52.55	50|53	1.0
41|129.33	129|41.129.33	1.0
63|60.62	60|63	1.0
67|129.62	129|67	1.0
89|85.89.88	88|89	1.0
32|37.36	39|32.37.36	0.833333333333
58|59.55	54|58	1.0
58|59.55	59|58	0.25
58|59.55	48|58	0.25
58|59.55	55|58	0.5
73|71.72	69|73	0.5
73|71.72	74|73	0.5
44|51.36.51	38|44	0.8
44|51.36.51	59|44	0.2
49|59	65|49	0.5
49|59	59|49	1.0
49|59	58|49	0.5
49|59	57|49	1.0
100|95	95|100	1.0
87|70	90|87	1.0
69|64.59	59|69	1.0
42|129.57	129|42.129.57	1.0
53|63	59|53	1.0
53|63	63|	1.0
53|63	55|53	1.0
73|82	82|73	0.142857142857
73|82	72|73	0.285714285714
73|82	79|73	0.285714285714
73|82	78|73.82	1.0
73|82	75|73	0.25
73|82	81|73	0.285714285714
67|66.64.69	129|67.66.64.69	1.0
66|62	64|66	0.190476190476
66|62	129|66	0.0232558139535
66|62	64|66.62	1.0
66|62	68|66	0.190476190476
66|62	59|66	1.0
66|62	71|66	1.0
66|62	60|66	0.0952380952381
66|62	62|66.62	0.2
66|62	67|66.62	0.8
66|62	62|66	1.0
66|62	65|66	1.0
66|62	69|66	0.7
66|62	57|66	0.25
66|62	72|66	0.1
89|88	93|	0.266666666667
89|88	129|89	0.0666666666667
89|88	83|89	0.266666666667
89|88	94|	0.142857142857
89|88	85|89.88	1.0
89|88	84|	0.25
89|88	81|89	0.25
89|88	91|89	0.0666666666667
89|88	86|89.88	0.2
89|88	90|89	0.25
89|88	88|89.88	0.133333333333
129|76	77|129	1.0
129|76	71|129.76	1.0
129|76	76|129	1.0
129|76	88|129	1.0
129|76	76|129.76	1.0
129|76	81|129	0.75
129|76	72|129	1.0
129|76	67|129.76	1.0
53|129.45	129|53.129.45	1.0
55|57.55	48|55	0.5
55|57.55	53|55.57.55	1.0
50|57.49	57|50.57.49	1.0
35|49.57	43|35	1.0
39|51	50|39	1.0
39|51	51|39.51	0.333333333333
39|51	36|39.51	1.0
39|51	44|39	0.2
44|45	45|44	1.0
44|45	40|44	0.333333333333
44|45	42|44	0.1
44|45	129|44	0.1
44|45	45|44.45	0.666666666667
44|45	47|44	0.5
44|45	43|44.45	0.4
44|45	32|44	0.5
44|45	39|44	0.1
52|54	54|52.54	0.333333333333
52|54	51|52	0.333333333333
52|54	65|	0.166666666667
52|54	50|52	0.666666666667
52|54	42|52	0.5
52|54	55|52.54	0.8
52|54	64|52	0.5
52|54	56|52	0.114285714286
52|54	45|52.54	1.0
52|54	49|52	0.04
52|54	57|52.54	1.0
52|54	59|52	0.5
34|129.31	129|34.129.31	1.0
82|90	73|82	1.0
39|32.37.36	32|39.32.37.36	1.0
39|32.37.36	44|39	0.166666666667
36|43.36.58	37|36	1.0
44|41	56|44	1.0
44|41	29|44	1.0
60|57.60	63|60	1.0
48|46	50|48	0.4375
48|46	44|48	1.0
48|46	49|48	1.0
48|46	43|48	0.25
48|46	45|48	0.307692307692
48|46	41|48	0.166666666667
48|46	41|48.46	0.5
48|46	36|48	0.153846153846
48|46	51|48	1.0
48|46	53|48.46	1.0
48|46	52|48	0.230769230769
48|46	46|48	0.5
48|46	53|48	0.230769230769
36|39.38.51.44	53|	1.0
34|33	37|34	0.6
34|33	31|34	0.2
34|33	33|34	0.2
34|33	35|34	1.0
56|50	57|56	1.0
129|51.46.44	55|129	0.333333333333
129|51.46.44	51|129.51.46.44	1.0
57|55.57	58|57.55	0.8
57|55.57	60|57	0.333333333333
57|55.57	59|57.55	0.2
57|55.57	55|57.55.57	1.0
51|39.38.53	53|51	1.0
40|35	44|40	0.333333333333
40|35	36|40	1.0
40|35	48|40	0.0769230769231
40|35	41|40	0.333333333333
40|35	35|40.35	1.0
40|35	55|	1.0
40|35	49|40	0.186991869919
40|35	35|40	0.536585365854
40|35	57|40	0.0243902439024
40|35	129|40	0.153846153846
40|35	34|40	0.307692307692
40|35	46|40.35	0.0769230769231
40|35	47|40	0.230769230769
40|35	42|40.35	0.333333333333
40|35	28|	0.5
40|35	33|40	0.153846153846
40|59	57|40	0.230769230769
40|59	59|	0.769230769231
41|52.51	50|41	1.0
64|67.69	71|64	1.0
129|70.129.68	75|129	1.0
37|39	36|37	1.0
30|37	42|30	1.0
53|48.29.45	34|53	1.0
62|54.59	59|62	1.0
53|41	48|53	1.0
53|41	41|53	1.0
53|41	65|53	1.0
53|41	55|53	1.0
62|65	67|62	0.25
62|65	66|62	1.0
62|65	68|62	0.333333333333
62|65	58|62	0.666666666667
62|65	61|62	0.666666666667
62|65	63|62.65	0.4
62|65	74|62	0.5
62|65	65|62	0.25
62|65	70|62	0.166666666667
62|65	69|62	0.2
62|65	129|62	1.0
62|65	65|62.65	0.6
62|65	59|62	0.333333333333
62|65	129|62.65	1.0
62|65	60|62	0.5
62|65	64|62	0.2
62|65	60|62.65	1.0
62|65	57|62	1.0
76|75.73	71|76	1.0
66|129.67	129|66.129.67	0.25
66|129.67	67|66	0.2
87|88	88|87	0.5
87|88	85|87	1.0
87|88	90|87.88	1.0
99|	100|	0.666666666667
99|	87|99	0.666666666667
75|68	83|75	1.0
46|129.41	129|46.129.41	1.0
60|58.129	62|60	1.0
68|52.68	45|	1.0
46|	65|	0.0909090909091
46|	43|46	0.0363636363636
46|	39|46	0.1875
46|	47|46	0.307692307692
46|	62|46	0.5
46|	36|46	1.0
46|	129|46	0.277777777778
46|	40|46	0.0555555555556
46|	38|46	0.0909090909091
46|	51|46	0.285714285714
46|	44|46	0.0277777777778
46|	55|46	0.0555555555556
46|	48|46	0.0833333333333
46|	41|46	0.305555555556
46|	59|46	0.0555555555556
46|	68|46	1.0
46|	50|46	0.285714285714
46|	35|46	0.0555555555556
46|	45|46	0.1
46|	54|46	0.5
46|	49|46	0.0277777777778
46|	58|46	0.0714285714286
46|	53|46	0.0545454545455
46|	42|46	0.1
46|	37|46	1.0
46|	52|46	1.0
46|	33|46	1.0
46|	34|46	0.194444444444
66|62.69	129|66	0.05
66|62.69	67|66.62.69	1.0
47|46.49	52|47	1.0
129|67.129.67.66	69|129.67	1.0
129|36.38	41|129.36	1.0
60|61.63.61.63	129|60	1.0
72|129.74.129.75	74|72	1.0
41|46.34	35|41.46	0.5
41|46.34	34|41	0.5
35|47.42	40|35	1.0
129|41.36.41	36|129.41	1.0
77|74.69	71|77	0.2
77|74.69	81|77.74	0.8
69|71.73.74	74|69	1.0
45|52.50	54|45	1.0
41|48.47	47|41	1.0
65|63.67.70	68|65.63	1.0
38|44.39	46|38	0.25
38|44.39	39|38.44.39	0.333333333333
44|46.44	49|44	1.0
43|46	39|43	1.0
43|46	50|43	0.5
43|46	41|43	1.0
43|46	44|43	0.5
43|46	45|43	1.0
129|29.129.29	33|129	0.5
129|29.129.29	41|129	0.5
129|51.129.36	36|129	0.5
129|51.129.36	38|129.51	0.5
129|51.129.36	49|129.51	0.5
62|46.129	51|62	1.0
52|43	46|52	0.5
52|43	60|52	0.5
52|43	39|52	1.0
62|58	58|62	1.0
62|58	53|62	1.0
62|58	61|62	0.2
62|58	63|62	1.0
62|58	65|62.58	0.666666666667
62|58	65|62	0.8
62|58	72|62	0.0833333333333
62|58	67|62	1.0
62|58	69|62	0.2
62|58	60|62.58	1.0
62|58	60|62	0.25
62|58	46|62	0.25
62|58	57|62	0.333333333333
35|33.28	30|35	1.0
58|	34|	0.0869565217391
58|	47|58	1.0
58|	59|58	0.0869565217391
58|	77|58	1.0
58|	56|58	0.217391304348
58|	62|58	0.0217391304348
58|	69|58	1.0
58|	52|58	0.1
58|	46|58	0.0869565217391
58|	78|	0.5
58|	57|58	0.0434782608696
58|	61|58	0.111111111111
58|	68|58	0.0454545454545
58|	74|58	0.0625
58|	53|58	0.130434782609
58|	48|58	0.5
58|	65|58	0.1
58|	70|58	0.0434782608696
58|	54|58	0.1
58|	66|	0.333333333333
58|	60|58	0.304347826087
58|	45|58	1.0
58|	36|58	0.333333333333
58|	129|58	0.173913043478
58|	64|58	0.0384615384615
58|	41|58	0.769230769231
58|	50|58	1.0
58|	55|58	0.0652173913043
58|	51|58	0.0454545454545
58|	49|58	0.2
58|	79|	0.5
58|	63|58	0.260869565217
58|	72|58	1.0
58|	42|	0.25
58|	67|58	0.0434782608696
58|	37|58	1.0
64|42	47|64	1.0
48|129.43	129|48.129	1.0
69|73	73|69.73	1.0
69|73	67|69	1.0
69|73	42|69.73	1.0
69|73	73|69	0.2
69|73	66|69	0.4
69|73	76|69.73	1.0
69|73	62|69	1.0
69|73	64|69.73	1.0
69|73	79|69	0.2
69|73	129|69.73	1.0
69|73	68|69	0.2
69|73	74|69	0.5
69|73	64|69	0.6
69|73	36|	0.1
69|73	38|69	0.3
69|73	71|69	1.0
58|129.57	129|58.129.57	1.0
68|70	63|68	0.5
68|70	67|68	0.52
68|70	61|68	0.5
68|70	58|68	1.0
68|70	66|68	0.08
68|70	69|68	0.08
68|70	65|68.70	1.0
68|70	60|68	0.08
68|70	129|68	0.125
68|70	65|68	0.666666666667
68|70	70|68	0.375
68|70	70|68.70	0.5
68|70	72|68.70	0.08
68|70	72|68	1.0
84|85	82|84.85	1.0
84|85	81|84	0.5
84|85	76|84	0.5
84|85	85|84	0.5
67|66.62.69	62|67	1.0
56|59.62	54|56	1.0
56|59.62	61|56	0.285714285714
56|59.62	57|56.59.62	1.0
39|37	41|39	0.25
39|37	43|39	0.5
39|37	129|39	0.5
39|37	34|39	0.75
39|37	40|39	1.0
37|36	33|37	0.333333333333
37|36	39|37	0.333333333333
37|36	41|37	0.666666666667
37|36	36|37.36	1.0
37|36	35|37	1.0
37|36	36|37	0.5
37|36	49|37	0.25
37|36	42|37	0.25
37|36	129|37	0.333333333333
37|36	48|37	0.5
37|36	30|37	0.333333333333
37|36	32|37.36	1.0
37|36	40|37	0.25
69|64.61	59|69	1.0
62|68	67|62	1.0
62|68	63|62.68	1.0
62|68	66|62.68	1.0
62|68	65|62	1.0
59|50	49|59	1.0
72|74.75	84|72	0.25
72|74.75	70|72.74.75	1.0
72|74.75	74|72.74.75	1.0
72|74.75	74|72	1.0
95|92.88	100|95	0.5
95|92.88	93|95	0.5
45|58	48|45	1.0
65|69.67	62|65	0.25
65|69.67	67|65.69	0.25
65|69.67	63|65	0.5
39|38.55	59|39.38.55	1.0
39|38.55	51|39	0.5
32|33.31	129|32.33.31	1.0
70|72.69.77	129|70.72	1.0
45|52	50|45.52	1.0
45|52	46|45	1.0
45|52	57|45	1.0
45|52	44|45	1.0
45|52	52|45	1.0
45|52	47|45.52	1.0
45|52	43|45	0.5
48|62	57|48.62	1.0
46|53.46	48|46	1.0
46|53.46	43|46	1.0
64|67.74	82|	0.5
64|67.74	57|64	0.5
42|49.47	36|42	1.0
74|	58|74	1.0
74|	82|74	0.00588235294118
74|	71|74	0.333333333333
74|	64|74	0.5
74|	75|74	0.375
74|	81|74	0.142857142857
74|	86|	0.00588235294118
74|	84|	0.047619047619
74|	129|74	0.0833333333333
74|	88|	0.2
74|	80|74	0.363636363636
74|	76|74	0.166666666667
74|	66|74	1.0
74|	67|74	0.25
74|	73|74	0.125
74|	78|74	0.181818181818
74|	62|74	0.5
74|	77|74	0.125
74|	69|74	0.0833333333333
74|	83|74	0.2
74|	68|74	0.0176991150442
74|	70|74	0.04
74|	72|74	0.375
74|	79|74	0.142857142857
74|	65|74	0.125
66|51	54|66	1.0
71|69.71	73|71.69	0.454545454545
71|69.71	67|71	0.333333333333
71|69.71	66|71	0.625
71|69.71	72|71.69	0.666666666667
71|69.71	76|71	0.125
71|69.71	129|71.69.71	1.0
71|69.71	78|71	0.181818181818
71|69.71	69|71.69	0.363636363636
45|29	46|45.29	1.0
32|39.32.37.36	36|32	1.0
71|72.78	72|71.72.78	1.0
71|72.78	76|71	1.0
52|50.49	57|52	1.0
69|71.74	74|69.71	1.0
69|71.74	76|69	1.0
69|71.74	71|69.71	1.0
70|69.129	129|70.69	1.0
70|69.129	66|70	1.0
70|69.129	69|70.69.129	1.0
58|55.50	62|58	1.0
69|45	73|69.45	0.5
70|65.62	74|70	0.5
70|65.62	62|70	0.5
70|65.62	69|70.65.62	1.0
29|40	31|29.40	1.0
62|55	67|62	1.0
62|55	63|62.55	0.111111111111
62|55	50|62	1.0
62|55	52|62	0.4
62|55	61|62	1.0
62|55	57|62.55	0.857142857143
62|55	60|62	1.0
62|55	54|62	0.4
62|55	55|62	0.2
62|55	65|62	1.0
62|55	64|62	1.0
55|43	53|55	1.0
55|43	43|55	0.8
55|43	57|55	0.333333333333
55|43	54|55	0.666666666667
55|43	48|55	0.2
55|43	58|55	1.0
39|38.39.36	46|39	1.0
85|81	88|85	0.4
85|81	80|85	0.2
85|81	76|85	0.4
57|62.55	55|57	0.7
57|62.55	54|57	0.3
67|78	66|67	1.0
73|66.73	75|73.66	1.0
93|	91|93	0.923076923077
93|	92|	0.0416666666667
93|	94|	0.25
93|	97|	0.166666666667
93|	100|93	1.0
93|	95|93	1.0
93|	98|	0.0416666666667
93|	81|93	0.4
93|	90|93	1.0
93|	89|93	0.25
93|	83|93	0.0769230769231
93|	88|93	1.0
71|72.74	129|71.72	0.5
71|72.74	67|71	0.125
71|72.74	69|71.72	0.75
71|72.74	70|71	0.5
71|72.74	79|71	0.125
53|39.38	39|53.39	0.2
53|39.38	38|53.39.38	1.0
40|35.57	35|40.35.57	1.0
66|62.66.61	64|66	1.0
72|69.67	71|72.69.67	1.0
72|69.67	69|72	0.25
32|	53|32	1.0
32|	39|	0.2
32|	33|32	0.333333333333
32|	38|32	1.0
32|	31|32	1.0
32|	44|32	0.1
32|	51|32	1.0
32|	49|	0.0714285714286
32|	36|32	0.166666666667
32|	34|32	0.5
32|	47|32	1.0
32|	35|	0.0909090909091
32|	30|32	1.0
32|	37|32	0.642857142857
32|	129|32	0.666666666667
32|	28|32	1.0
69|67.64	72|69.67	1.0
69|67.64	68|69	0.333333333333
69|67.64	71|69	0.666666666667
69|68	57|69	1.0
69|68	68|69.68	0.5
69|68	70|69.68	0.1
69|68	63|69	0.333333333333
69|68	59|69	0.333333333333
69|68	78|69	1.0
69|68	62|69	0.0714285714286
69|68	129|69.68	0.333333333333
69|68	129|69	0.25
69|68	71|69.68	0.25
69|68	77|69	0.1
69|68	65|69	0.333333333333
69|68	72|69	0.166666666667
69|68	67|69	1.0
69|68	66|69.68	0.333333333333
69|68	76|69	0.166666666667
69|68	86|	1.0
69|68	68|69	0.0714285714286
69|68	74|69	1.0
69|68	64|69	0.5
69|68	73|69	0.1
69|68	71|69	0.5
69|68	79|69	0.1
41|129.41.129.34.129.29	129|41.129.41.129.34.129.29	1.0
81|67	83|81	1.0
43|129.36	48|43	1.0
43|129.36	129|43.129.36	1.0
60|57.59	62|60.57.59	1.0
45|50	49|45	1.0
45|50	61|45	1.0
45|50	33|45	0.571428571429
45|50	47|45	0.666666666667
45|50	40|45.50	1.0
45|50	38|45	0.333333333333
45|50	46|45	1.0
45|50	129|45.50	0.25
45|50	50|45	1.0
45|50	42|45	0.333333333333
45|50	43|45	0.75
84|82	81|84	0.1
84|82	80|84	0.5
84|82	82|84.82	1.0
84|82	86|84	0.5
84|82	85|84	1.0
84|82	77|84	0.3
84|82	129|84	1.0
84|82	88|84	1.0
67|65.67	69|67.65	0.5
67|65.67	63|67.65	0.5
57|53	55|57	1.0
57|53	60|57	0.428571428571
57|53	43|57	0.125
57|53	48|57	0.142857142857
57|53	38|	0.142857142857
57|53	62|57	1.0
57|53	41|57	0.142857142857
57|53	81|57	1.0
57|53	129|57.53	1.0
57|53	53|57	1.0
70|69.72	65|70	1.0
70|69.72	62|70	1.0
50|44	43|50	1.0
48|129	36|48.129	0.5
48|129	47|48	1.0
48|129	33|48	0.25
48|129	53|48.129	0.333333333333
48|129	34|48	0.25
48|129	129|48.129	1.0
48|129	45|48	0.125
48|129	129|48	1.0
48|129	43|48	0.125
48|129	51|48	1.0
48|129	61|48	1.0
48|129	52|48	1.0
48|129	42|48	0.25
52|57.56	57|52.57	0.5
52|57.56	45|52	0.5
52|57.56	49|52	0.5
52|57.56	61|52	0.5
51|129.51.129.49	129|51.129.51.129.49	1.0
39|44.51	46|39	0.1
39|44.51	53|39.44	0.7
39|44.51	59|	0.1
39|44.51	44|39.44	0.1
46|49.46	38|46	0.333333333333
46|49.46	36|46	0.333333333333
46|49.46	49|46	1.0
64|59.57.64	59|64	1.0
72|74.129	70|72.74	1.0
53|129.53.129.55	129|53.129.53.129.55	1.0
70|51	73|70	1.0
129|44.129.49.129.51	46|129	1.0
58|55	59|58	0.25
58|55	61|58.55	1.0
58|55	48|58	0.125
58|55	62|58	1.0
58|55	56|58.55	1.0
58|55	46|58	0.25
58|55	57|58	0.25
58|55	61|58	0.5
58|55	54|58	0.1
58|55	45|58	0.125
58|55	129|58	0.0833333333333
58|55	64|58	0.25
58|55	55|58	0.333333333333
58|55	63|58	1.0
58|55	60|58.55	1.0
53|48	57|53	0.5
53|48	60|53	1.0
53|48	41|53.48	0.222222222222
53|48	129|53	0.5
53|48	43|53	0.5
53|48	48|53	0.5
53|48	52|53	1.0
53|48	51|53.48	1.0
53|48	61|53	0.5
53|48	58|53	0.0526315789474
53|48	129|53.48	1.0
53|48	68|53	0.5
53|48	41|53	1.0
53|48	29|	0.25
53|48	55|53.48	0.333333333333
53|48	46|53	0.142857142857
53|48	46|53.48	0.25
76|77	73|76	0.0294117647059
76|77	129|76	0.125
76|77	77|76	0.166666666667
76|77	81|76	0.125
76|77	84|76	1.0
76|77	70|76	0.5
76|77	78|76	0.0147058823529
76|77	71|76	0.5
76|77	83|76	0.0147058823529
76|77	79|76.77	0.588235294118
76|77	75|76	0.0294117647059
76|77	77|76.77	0.2
76|77	79|76	0.4
76|77	72|76	0.0882352941176
76|77	82|76	0.0588235294118
76|77	67|76	0.5
76|77	74|76.77	0.8
76|77	89|	0.0147058823529
57|53.52	55|57	1.0
65|49	56|65	1.0
69|70.69	79|69	0.04
69|70.69	61|69	0.04
69|70.69	62|69	0.36
69|70.69	74|69	1.0
69|70.69	65|69.70	0.48
69|70.69	45|	0.08
69|70.69	70|69.70.69	0.5
69|70.69	70|69.70	1.0
73|74	70|73	0.2
73|74	68|73	0.6
73|74	72|73	0.666666666667
73|74	67|73	0.153846153846
73|74	71|73.74	1.0
73|74	74|73.74	0.333333333333
73|74	74|73	0.2
73|74	88|73	1.0
73|74	76|73	0.307692307692
72|63.72	60|72	0.5
72|63.72	74|72	0.5
89|90	90|89	1.0
72|86	77|72	1.0
65|129.65.129.64	62|65	1.0
36|42.49.42	45|36	1.0
65|54	63|65	1.0
65|67.65	69|65	0.333333333333
65|67.65	73|65	0.333333333333
65|67.65	64|65.67	0.333333333333
65|67.65	62|65	1.0
65|67.65	68|65	0.941176470588
65|67.65	63|65	0.0588235294118
129|74.129.70	70|129	1.0
52|50.52	53|52.50	1.0
52|50.52	57|52	1.0
62|59.60	67|62.59.60	1.0
129|69.129.69	68|129	1.0
129|69.129.69	66|129.69	1.0
46|41.53	62|46	1.0
65|63	63|65.63	0.205128205128
65|63	70|65	0.0909090909091
65|63	61|65.63	0.333333333333
65|63	58|65	0.666666666667
65|63	60|65.63	0.25
65|63	129|65	0.0512820512821
65|63	67|65.63	0.512820512821
65|63	56|65	0.230769230769
65|63	63|65	0.2
65|63	72|65	0.0833333333333
65|63	68|65.63	0.111111111111
65|63	62|65	0.333333333333
65|63	53|65	0.0833333333333
65|63	69|65	0.333333333333
65|63	73|65	0.0909090909091
65|63	66|65	1.0
65|63	61|65	1.0
65|63	68|65	0.2
88|93	85|88	1.0
59|57.64	61|59.57.64	1.0
59|57.64	64|59.57.64	1.0
77|83	76|77.83	1.0
87|85	88|87	1.0
87|85	84|	1.0
86|129.83	85|86	1.0
69|65	74|69	0.125
69|65	64|69	0.375
69|65	60|69	0.25
69|65	129|69	1.0
69|65	62|69	0.333333333333
69|65	72|69	1.0
69|65	70|69.65	1.0
69|65	65|69	0.5
69|65	55|69	0.166666666667
69|65	67|69	0.5
69|65	71|69	1.0
69|65	72|69.65	0.5
69|65	70|69	1.0
39|45	38|39.45	0.333333333333
39|45	50|39	1.0
39|45	42|39	1.0
37|42	51|37.42	0.25
37|42	41|37	0.3
37|42	42|37	0.833333333333
37|42	30|37	0.5
37|42	44|37	0.0277777777778
37|42	38|37	0.2
37|42	33|37	1.0
64|65.62.60	62|64.65	0.333333333333
64|65.62.60	60|64	0.666666666667
74|76.75	71|74	1.0
50|53	51|50	0.333333333333
50|53	53|50	1.0
50|53	52|50.53	1.0
50|53	52|50	0.333333333333
50|53	44|	1.0
50|53	46|50	0.666666666667
50|53	129|50	0.5
50|53	48|50.53	1.0
72|129.74.70	129|72.129.74.70	1.0
61|60.64	57|61	1.0
50|52.53.52.55	57|50	1.0
73|74.77	71|73.74	1.0
77|79.76	82|77	1.0
77|79.76	76|77.79	0.722222222222
77|79.76	81|77.79	0.111111111111
77|79.76	79|77.79	0.166666666667
49|37	53|49	0.333333333333
49|37	41|49	1.0
49|37	37|49	0.555555555556
49|37	44|49	0.111111111111
41|129	129|41.129	0.0454545454545
41|129	36|41	0.125
41|129	39|41	1.0
41|129	45|41	0.5
41|129	48|41	0.318181818182
41|129	43|41	0.4
41|129	33|41	0.0909090909091
41|129	47|41	0.181818181818
41|129	46|41	0.136363636364
41|129	35|41	0.181818181818
41|129	34|41	0.0454545454545
71|79	73|71.79	1.0
60|62.60.59	59|60.62	1.0
77|76.65	79|77.76.65	1.0
54|52.47	56|54	0.5
54|52.47	47|54	0.5
54|65	66|54	1.0
76|77.88	82|76	1.0
65|64.62	69|65	1.0
65|64.62	64|65	1.0
65|64.62	67|65.64	1.0
65|64.62	76|65	0.333333333333
65|64.62	62|65	0.666666666667
51|55	53|51	1.0
51|55	38|51.55	1.0
51|55	58|51	1.0
51|55	56|51	0.5
51|55	47|51	1.0
51|55	52|51	0.25
51|55	50|51	0.25
51|55	54|51	0.25
51|55	48|51	1.0
51|55	60|51	0.25
51|55	57|51	0.25
51|55	49|51	1.0
51|55	55|51	0.25
66|129.64	64|66	0.2
66|129.64	67|66	0.8
53|48.60	41|53	0.75
53|48.60	52|53	0.25
80|74.76	81|80	1.0
36|129.36.35	129|36.129.36.35	1.0
44|129.53	129|44.129.53	1.0
69|70.65.62	70|69.70	1.0
70|61	74|70	1.0
34|26	22|	1.0
31|28	35|31	1.0
31|28	33|31.28	0.857142857143
38|69	69|38.69	0.230769230769
76|74.76	78|76.74.76	1.0
76|74.76	77|76.74	0.2
76|74.76	74|76.74	0.2
76|74.76	79|76	0.375
76|74.76	72|76	0.4
76|74.76	66|76	0.125
76|74.76	129|76	0.2
76|74.76	73|76.74	1.0
63|56	61|63	1.0
63|56	58|63	1.0
63|56	67|63	0.333333333333
63|56	57|63	0.333333333333
63|56	56|63	0.333333333333
55|51	129|55	0.2
55|51	53|55	0.5
55|51	51|55	0.25
55|51	39|	1.0
55|51	56|55	0.4
55|51	57|55	0.25
55|51	54|55	0.5
55|51	51|55.51	1.0
55|51	58|55	1.0
55|51	56|55.51	1.0
55|51	59|55	0.5
77|81.77	74|77.81	1.0
84|83.93	85|84	1.0
84|57	86|84	1.0
49|36.38	36|49	1.0
89|86.89.86.89.86	85|	1.0
30|43	32|30	1.0
80|85	88|80	1.0
61|65.63	129|61.65	0.333333333333
61|65.63	58|61.65	0.666666666667
129|67.66.64	62|129	1.0
75|74.75	79|75	0.5
75|74.75	77|75	0.5
30|42	31|30.42	1.0
30|42	29|30	1.0
78|81	75|78	0.5
78|81	74|78	1.0
78|81	71|78	0.166666666667
78|81	73|78	0.333333333333
78|81	79|78	0.666666666667
78|81	72|78	0.333333333333
78|76.83	81|78	1.0
38|31	26|	1.0
38|31	31|38	1.0
38|31	40|38	1.0
38|31	43|38	1.0
30|28.30.28.30.33	42|30	0.0526315789474
30|28.30.28.30.33	28|30.28.30.28.30.33	1.0
72|67.71	129|72	1.0
33|51.41	51|33.51.41	0.333333333333
41|48.36	40|41	1.0
84|83	80|84	0.2
84|83	72|84	0.2
84|83	86|84	1.0
84|83	76|84	0.2
84|83	83|84	0.4
55|52.54	59|55	0.2
55|52.54	54|55.52.54	0.75
43|45.129	38|43.45	1.0
61|60.63	60|61.60	1.0
79|78.77	76|79.78	1.0
45|26	50|45	1.0
47|54	50|47	0.5
47|54	52|47	1.0
47|54	54|47	0.666666666667
47|54	49|47	0.5
44|51.39.46	36|44	1.0
55|38	53|55	1.0
129|46.129.53.129.53	53|129.46	1.0
53|48.52	46|53.48	1.0
78|75	75|78.75	1.0
78|75	76|78	1.0
78|75	81|78	0.333333333333
78|75	71|78	1.0
78|75	83|78	0.571428571429
78|75	66|	0.142857142857
52|45	49|52.45	0.5
52|45	51|52	1.0
52|45	50|52	1.0
52|45	129|52	0.210526315789
52|45	45|52	0.666666666667
52|45	54|52	0.210526315789
52|45	40|52	1.0
52|45	57|52.45	0.666666666667
52|45	60|52	1.0
52|45	61|52	0.333333333333
59|56.58	58|59.56	1.0
70|69.70.66	75|70	1.0
84|86	81|84	0.8
84|86	82|84.86	0.2
84|86	72|84	0.0277777777778
84|86	86|84.86	0.357142857143
84|86	83|84	0.222222222222
84|86	89|84	0.0277777777778
84|86	129|84	0.111111111111
84|86	88|84	0.222222222222
84|86	82|84	0.428571428571
61|60.61.63	65|61.60	0.25
61|60.61.63	56|61.60	0.5
61|60.61.63	129|61.60	0.25
129|74.73	74|129	1.0
129|74.73	69|129	1.0
67|75.74	68|67.75.74	1.0
72|71.69	69|72	0.666666666667
72|71.69	64|72	0.117647058824
72|71.69	67|72	0.117647058824
72|71.69	71|72.71.69	0.333333333333
72|71.69	74|72	0.470588235294
79|72	70|79	0.5
79|72	76|79	1.0
79|72	81|79.72	1.0
79|72	74|79	1.0
73|61	67|73	1.0
53|41.48	48|53.41.48	0.166666666667
83|84	81|83	0.785714285714
83|84	81|83.84	0.25
83|84	72|83	0.333333333333
83|84	84|83	0.2
83|84	86|83	0.0714285714286
45|129.57	50|45.129.57	1.0
36|	52|	0.00787401574803
36|	50|36	0.125
36|	26|	0.0277777777778
36|	41|36	0.194444444444
36|	48|36	0.0277777777778
36|	33|36	0.0277777777778
36|	44|36	0.106382978723
36|	37|36	0.0833333333333
36|	38|36	0.0833333333333
36|	40|36	0.0277777777778
36|	55|	0.0212765957447
36|	57|	0.0363636363636
36|	69|36	1.0
36|	29|	0.25
36|	53|	0.0212765957447
36|	24|36	0.125
36|	39|36	0.166666666667
36|	43|36	0.0555555555556
36|	129|36	0.0555555555556
36|	34|36	0.138888888889
36|	51|36	0.5
36|	59|	0.106382978723
36|	21|	0.00787401574803
36|	46|36	0.0555555555556
36|	31|36	0.413793103448
36|	42|36	0.0555555555556
36|	35|36	0.0277777777778
36|	49|36	1.0
36|	32|36	0.666666666667
36|	45|36	0.0714285714286
40|22	28|	1.0
37|43	40|37	1.0
37|43	43|37	0.833333333333
37|43	36|37.43	0.5
37|43	38|37	0.166666666667
58|62.75	55|58	1.0
39|52	53|39	0.5
39|52	27|	0.5
81|72	79|81	1.0
81|72	72|81	1.0
81|72	129|81	0.8
81|72	74|81	0.333333333333
81|72	84|81	0.2
33|30	129|33	1.0
33|30	35|33	1.0
33|30	26|33	1.0
33|30	32|33	1.0
33|30	35|33.30	1.0
67|58.65	58|67.58	1.0
52|69	59|52	0.5
52|69	74|	0.5
52|69	57|52	1.0
46|44.37	42|46	0.5
46|44.37	49|46	0.5
65|69.70	64|65.69	0.5
65|69.70	86|65	0.5
44|129.44.129.44.129.49	129|44.129.44.129.44.129.49	1.0
72|71.74.83	77|72.71	1.0
46|48.50	45|46.48	1.0
78|87	80|78	1.0
81|79.77	82|81	0.2
81|79.77	79|81	0.55
81|79.77	77|81.79.77	0.4
31|29.40	32|31.29	1.0
84|72	81|84	1.0
84|72	72|84	0.333333333333
84|72	85|84	1.0
84|72	82|84	0.333333333333
48|55	54|48	1.0
48|55	49|48	0.25
48|55	129|48.55	0.5
48|55	56|48	0.5
48|55	57|48	1.0
48|55	129|48	0.4
48|55	50|48	1.0
48|55	52|48	1.0
48|55	60|48	0.5
48|55	58|48	0.5
48|55	53|48.55	1.0
54|61.54	66|54	1.0
129|49.129.43	57|129	1.0
82|84.85	84|82	1.0
82|84.85	80|82	1.0
46|35.46.35.46.40	35|46.35.46.35.46.40	1.0
66|64.69	64|66	0.2
66|64.69	67|66.64.69	1.0
66|64.69	67|66.64	0.4
66|64.69	62|66	0.4
58|70	67|58	0.142857142857
58|70	60|58	0.5
58|70	61|58	1.0
58|70	62|58.70	0.5
58|70	70|58	0.5
58|70	72|58	0.142857142857
60|72	65|60	0.25
60|72	62|60	0.25
60|72	58|60.72	0.5
129|36.129.36.35	29|129	1.0
59|64.71	64|59.64	1.0
52|58	48|52	1.0
52|58	49|52	1.0
33|41	129|33	0.333333333333
33|41	38|33	0.166666666667
33|41	36|33	0.5
61|54	63|61	0.333333333333
61|54	56|61.54	0.166666666667
61|54	129|61	1.0
61|54	54|61.54	1.0
72|67.70	74|72	1.0
61|59.58	59|61	1.0
77|76.74	76|77.76.74	0.75
77|76.74	79|77.76	0.294117647059
77|76.74	74|77.76	0.294117647059
77|76.74	65|77	0.0588235294118
77|76.74	73|77	0.0588235294118
77|76.74	69|77	0.0588235294118
70|65.58	72|70	0.5
70|65.58	65|70	0.5
64|129.64	65|64	1.0
41|53.52	53|41	1.0
79|81.69	77|79.81.69	1.0
68|70.68.70	72|68.70	1.0
71|66	64|71	0.5
71|66	73|71.66	1.0
71|66	67|71	1.0
71|66	68|71	0.5
71|66	66|71	1.0
71|66	64|71.66	1.0
71|66	69|71.66	1.0
71|66	59|71	0.9
71|66	129|71.66	1.0
29|28	36|	1.0
29|28	34|29	1.0
29|28	30|29	1.0
53|129.48.129.48	48|53.129	1.0
74|76.72	76|74.76	0.5
74|76.72	71|74	0.5
74|76.72	73|74	0.5
65|64.57	56|65	1.0
33|129.36	129|33.129.36	1.0
49|36.49	42|49.36	0.75
49|36.49	44|49	0.25
35|129	28|35	0.0909090909091
35|129	34|35	1.0
35|129	40|35	0.909090909091
48|50.45	53|48.50	1.0
129|44.129.44.129.44.129.53	53|129	1.0
45|48.53.129	46|45	1.0
67|69.70.72.70	74|67	1.0
79|81.83.84	83|79	0.333333333333
79|81.83.84	81|79.81	0.666666666667
45|43	39|45	0.333333333333
45|43	47|45	1.0
45|43	24|45	1.0
45|43	35|45	0.444444444444
45|43	41|45	0.5
45|43	42|45	0.0909090909091
45|43	44|45	0.111111111111
45|43	46|45	1.0
45|43	38|45	1.0
45|43	33|45	1.0
45|43	52|45	0.25
45|43	43|45	1.0
45|43	48|45	0.666666666667
45|43	50|45	1.0
43|55	50|43	0.5
43|55	48|43	1.0
43|55	55|43	1.0
43|55	45|43	0.5
29|50	33|29	1.0
67|129.66.129.81	129|67.129.66.129.81	1.0
59|57.61.52	61|59.57.61.52	1.0
55|47	56|55	1.0
55|47	57|55	1.0
55|47	46|55	1.0
90|78	92|90	0.5
90|78	91|	0.5
90|78	95|90	1.0
76|75	75|76	1.0
76|75	74|76.75	0.2
76|75	73|76	1.0
76|75	68|76	0.5
76|75	71|76	0.25
76|75	78|76.75	1.0
76|75	77|76.75	0.5
76|75	77|76	1.0
48|53	65|	0.5
48|53	36|48	0.2
48|53	45|48	1.0
48|53	54|48	0.5
48|53	41|48.53	1.0
48|53	60|48	0.2
48|53	53|48	1.0
48|53	49|48	1.0
48|53	55|48	1.0
48|53	41|48	0.4
48|53	57|48	0.2
48|53	43|48	0.161290322581
48|53	52|48	0.181818181818
45|40.47	47|45.40.47	1.0
49|	40|49	0.25
49|	51|49	0.666666666667
49|	56|49	0.0769230769231
49|	65|49	1.0
49|	43|49	0.2
49|	31|	0.0588235294118
49|	46|49	0.5
49|	53|49	0.0344827586207
49|	68|49	0.25
49|	58|49	0.5
49|	41|49	0.0384615384615
49|	50|49	1.0
49|	129|49	0.411764705882
49|	44|49	0.166666666667
49|	75|	1.0
49|	55|49	0.0833333333333
49|	38|49	0.333333333333
49|	37|49	0.25
49|	61|49	0.285714285714
49|	47|49	0.0833333333333
49|	52|49	0.5
49|	57|49	1.0
49|	62|	0.1
49|	35|49	0.463414634146
49|	42|49	0.235294117647
49|	63|49	1.0
49|	45|49	0.206896551724
49|	54|49	0.137931034483
49|	48|49	1.0
49|	36|49	0.25
49|	59|49	1.0
49|	33|49	1.0
63|60	53|63	0.333333333333
63|60	66|63	0.25
63|60	62|63	0.666666666667
63|60	69|63	1.0
63|60	70|63	0.166666666667
63|60	65|63	0.166666666667
63|60	74|63	0.333333333333
63|60	61|63	1.0
63|60	58|63	0.333333333333
63|60	64|63	0.125
63|60	55|63	0.0833333333333
63|60	60|63	0.1
63|60	62|63.60	1.0
63|60	129|63	0.166666666667
63|60	60|63.60	0.166666666667
63|60	67|63	0.333333333333
63|60	56|63	0.3
69|38.69	73|69.38.69	0.4
69|38.69	38|69	0.230769230769
69|38.69	48|	0.384615384615
55|58	54|55	0.5
55|58	60|55	1.0
55|58	58|55	0.5
55|58	53|55	1.0
55|58	57|55.58	1.0
55|58	46|55	0.5
55|58	61|55	0.333333333333
55|58	52|55	0.5
55|58	41|	0.333333333333
55|58	56|55	1.0
55|58	58|55.58	0.5
55|58	129|55	1.0
55|58	51|55	1.0
55|58	44|55	0.333333333333
55|58	63|55	0.166666666667
55|58	59|55	1.0
88|80	76|88.80	0.166666666667
58|57	59|58	1.0
58|57	56|58	0.333333333333
58|57	62|58	0.25
58|57	46|58	0.25
58|57	61|58	0.2
58|57	57|58.57	0.4
58|57	60|58.57	0.25
58|57	54|58	0.125
58|57	60|58	1.0
58|57	129|58	0.1
58|57	55|58	1.0
58|57	51|58	0.666666666667
58|57	63|58	0.5
38|37.45	129|38	1.0
64|57.69	69|64.57.69	0.166666666667
60|62.57	59|60.62.57	0.25
64|52	51|64	0.111111111111
64|52	74|64	0.111111111111
64|52	57|64	0.111111111111
64|52	48|64	0.111111111111
64|52	54|64	0.111111111111
64|52	47|64	0.333333333333
64|52	62|64	1.0
64|52	52|64	0.111111111111
64|52	66|64	1.0
49|58	46|49	0.5
49|58	54|49	1.0
49|58	56|49	0.5
72|129.70	70|72.129.70	1.0
72|129.70	129|72.129	0.25
44|129.44.129.44.129.44.129.49.129.44	129|44.129.44.129.44.129.44.129.49.129.44	1.0
67|60.67	62|67	1.0
77|81	76|77.81	1.0
77|81	68|77	1.0
77|81	75|77.81	1.0
77|81	79|77	1.0
77|81	79|77.81	0.6
77|81	74|77.81	0.0625
77|81	81|77	0.75
77|81	72|77	0.1875
77|81	69|77	0.0625
77|81	86|77	0.125
51|33.42	42|51	1.0
36|37.33	24|36	1.0
79|78.76.75	81|79	1.0
35|33.35.38	40|35	1.0
129|67	59|129	0.454545454545
129|67	62|129	0.217391304348
129|67	69|129	1.0
129|67	65|129	1.0
129|67	70|129	0.0333333333333
129|67	61|129	1.0
129|67	68|129	0.2
129|67	67|129.67	0.272727272727
129|67	64|129	1.0
129|67	71|129	0.5
129|67	57|129	0.333333333333
129|67	60|129	0.0769230769231
129|67	75|129	1.0
129|67	72|129	0.230769230769
129|67	76|129	0.130434782609
129|67	66|129.67	0.272727272727
129|67	58|129	1.0
129|67	63|129	0.0333333333333
129|67	69|129.67	1.0
129|67	55|129	0.0416666666667
129|67	66|129	0.375
74|76.74.79	72|74.76.74.79	1.0
76|77.81	82|76	0.75
76|77.81	74|76.77	0.25
93|92	92|	1.0
129|34.129	31|129	0.111111111111
129|34.129	46|129	0.037037037037
129|34.129	34|129.34	0.0740740740741
129|34.129	39|129	0.111111111111
129|34.129	36|129.34	0.111111111111
129|34.129	41|129.34.129	0.2
53|35.53.35	57|53	0.0454545454545
53|35.53.35	35|53.35.53.35	0.6
53|35.53.35	49|53	0.0454545454545
75|69	71|75	1.0
75|69	62|75	1.0
75|69	66|75	1.0
75|69	74|75.69	1.0
75|69	72|75	1.0
129|43.129	31|129.43	1.0
129|43.129	46|129.43	1.0
59|60.59	60|59.60	0.5
59|60.59	62|59	0.5
71|81.78.83	78|71	1.0
76|77.83	83|76	1.0
77|76.74.76.77	69|77	0.5
77|76.74.76.77	65|77	0.5
43|33	31|43	1.0
47|53	55|47	1.0
53|39	44|53	0.466666666667
53|39	38|53.39	1.0
53|39	39|53.39	1.0
53|39	54|53	1.0
56|57.59	59|56	1.0
66|54	51|66	0.25
66|54	53|66	0.5
66|54	59|66	1.0
66|54	47|66	1.0
66|54	62|66	1.0
66|54	55|66	0.25
69|73.71	73|69	1.0
72|70.68.67.65	75|72	0.5
72|70.68.67.65	74|72.70	0.5
46|44	41|46.44	1.0
46|44	38|46	0.333333333333
46|44	44|46.44	0.333333333333
46|44	43|46	0.0909090909091
46|44	39|46	0.363636363636
46|44	49|46	0.25
46|44	48|46	1.0
46|44	51|46.44	1.0
46|44	48|46.44	0.75
129|53.129.50	53|129.53.129.50	1.0
72|85	73|72	1.0
29|36.43	32|29	1.0
27|31	129|27	1.0
43|28	52|43	1.0
53|52.50	49|53	0.5
53|52.50	52|53	0.666666666667
53|52.50	55|53.52.50	0.5
129|53.129.65	65|129	0.666666666667
129|53.129.65	58|129.53	0.333333333333
74|129	75|74	1.0
74|129	129|74.129	1.0
74|129	76|74	0.5
74|129	69|74	1.0
74|129	71|74	1.0
74|129	70|74	0.333333333333
74|129	72|74.129	1.0
74|129	67|74	0.5
74|129	129|74	0.166666666667
74|129	73|74	0.666666666667
74|129	79|74	1.0
51|57	49|51	1.0
51|57	48|51	1.0
51|57	54|51	1.0
47|	53|47	0.0526315789474
47|	57|47	1.0
47|	46|47	0.25
47|	38|47	1.0
47|	32|47	1.0
47|	31|47	1.0
47|	35|47	0.333333333333
47|	50|47	0.166666666667
47|	24|47	1.0
47|	73|47	1.0
47|	41|47	0.04
47|	66|47	1.0
47|	54|47	0.04
47|	45|47	0.304347826087
47|	62|47	0.125
47|	58|47	1.0
47|	69|47	0.833333333333
47|	51|47	0.04
47|	49|47	0.666666666667
47|	40|47	1.0
47|	36|47	0.0212765957447
47|	39|	0.0526315789474
47|	55|47	0.0384615384615
47|	44|47	0.04
47|	59|47	0.0384615384615
47|	48|47	0.565217391304
47|	43|47	0.130434782609
47|	64|47	1.0
47|	52|47	0.04
47|	129|47	1.0
47|	56|47	0.5
47|	37|47	1.0
47|	63|	0.263157894737
47|	42|47	0.583333333333
60|59	58|60	1.0
60|59	59|60.59	1.0
60|59	61|60	0.285714285714
60|59	68|60	0.333333333333
60|59	47|	0.142857142857
60|59	55|60.59	0.333333333333
60|59	63|60.59	1.0
60|59	69|60	0.333333333333
60|59	62|60.59	1.0
60|59	62|60	0.6
60|59	57|60	0.2
60|59	46|60	0.5
60|59	72|60	0.142857142857
60|59	53|60	1.0
60|59	63|60	0.4
60|59	56|60	0.0769230769231
60|59	59|60	0.285714285714
60|59	54|	1.0
60|59	64|60	0.333333333333
60|59	51|60	0.142857142857
37|35	35|37	0.333333333333
37|35	31|37	0.333333333333
37|35	38|37	0.333333333333
37|35	40|37	0.666666666667
72|70	67|72	0.111111111111
72|70	77|72	0.5
72|70	69|72	1.0
72|70	73|72	0.4
72|70	129|72.70	1.0
72|70	68|72	1.0
72|70	74|72	0.333333333333
72|70	41|	0.333333333333
72|70	70|72.70	0.375
72|70	65|72	0.25
72|70	70|72	0.666666666667
72|70	58|72	0.333333333333
72|70	75|72	0.444444444444
72|70	74|72.70	0.2
72|70	129|72	0.333333333333
72|70	64|72	1.0
72|70	63|72	0.375
34|22	22|34.22	1.0
34|22	36|34	0.333333333333
34|22	42|34.22	1.0
30|32.30	32|30	1.0
76|77.76.74	72|76	0.75
76|77.76.74	79|76.77	0.25
69|68.69.68.73	64|69	1.0
71|73	73|71	0.166666666667
71|73	69|71	1.0
71|73	67|71	1.0
71|73	73|71.73	1.0
71|73	66|71	1.0
71|73	76|71	1.0
71|73	74|71	1.0
71|73	69|71.73	1.0
72|70.66	71|72	1.0
42|49	41|42	0.5
42|49	43|42	0.5
42|49	49|42	0.25
42|49	37|42	0.833333333333
42|49	129|42	0.25
42|49	44|42.49	0.5
42|49	38|42	0.166666666667
42|49	46|42	0.5
40|31	36|40	0.5
40|31	35|40	0.5
42|34.22	49|42	1.0
70|68.63	67|70	1.0
74|73.77	69|74	1.0
68|65.63	65|68.65.63	1.0
50|49.45	52|50.49	0.25
50|49.45	38|50	0.25
50|49.45	40|50	0.25
50|49.45	47|50	0.25
52|55.59	58|52	1.0
37|48	49|37	1.0
129|69.68	72|129	1.0
129|69.68	65|129.69	1.0
44|38.51	39|44.38	1.0
63|61.60	61|63.61.60	1.0
76|74.72.76	74|76.74.72.76	1.0
76|74.72.76	69|76	1.0
49|61	53|49	1.0
49|61	50|49	1.0
49|61	45|49	1.0
49|61	47|49	1.0
66|67.71	67|66.67.71	1.0
66|67.71	71|66	1.0
62|65.62	59|62	1.0
72|67.66	67|72	1.0
55|67	58|55	1.0
55|67	60|55.67	1.0
129|91	91|129	0.5
129|91	89|	0.5
56|53.60	60|56	1.0
73|129	76|73	1.0
73|129	129|73	0.5
73|129	74|73.129	1.0
66|129	64|66	1.0
66|129	69|66	0.0526315789474
66|129	129|66	0.5
66|129	85|	1.0
66|129	65|66	1.0
66|129	69|66.129	1.0
77|79.82	76|77.79	1.0
77|79.82	79|77.79	0.5
77|79.82	78|77	0.5
75|70	129|75	1.0
75|70	82|75	1.0
75|70	74|75.70	1.0
75|70	73|75	1.0
73|	129|73	1.0
73|	85|73	1.0
73|	38|	0.142857142857
73|	56|73	1.0
73|	83|73	1.0
73|	76|73	0.333333333333
73|	71|73	1.0
73|	67|73	0.25
73|	68|73	0.333333333333
73|	72|73	1.0
73|	79|73	0.5
73|	66|73	0.0416666666667
73|	60|	1.0
73|	62|	0.0416666666667
73|	69|73	0.285714285714
73|	78|73	0.265306122449
73|	64|73	0.153846153846
73|	45|73	1.0
73|	74|73	0.6
73|	75|73	0.6
73|	80|73	0.0204081632653
73|	70|73	0.122448979592
73|	65|73	1.0
73|	82|73	1.0
73|	88|73	1.0
73|	81|73	0.142857142857
73|	42|	0.428571428571
73|	36|	0.00680272108844
73|	63|	1.0
73|	77|73	0.0833333333333
86|84.83.86	88|86.84	1.0
68|80	74|68	0.25
68|80	75|68	0.25
68|80	70|68.80	1.0
68|80	69|68	0.25
68|80	73|68	0.25
48|47.45.60	50|48.47.45.60	1.0
79|87	80|79	1.0
129|53	46|129.53	0.142857142857
129|53	62|129	0.0294117647059
129|53	41|129.53	1.0
129|53	65|129	0.105263157895
129|53	58|129.53	1.0
129|53	47|129	0.111111111111
129|53	56|129	0.5
129|53	53|129	0.368421052632
129|53	38|129	0.111111111111
129|53	57|129	0.111111111111
129|53	60|129	0.0882352941176
129|53	48|129.53	0.25
129|53	53|129.53	0.75
129|53	36|129	0.444444444444
129|53	41|129	0.157894736842
129|53	63|129	0.1
129|53	51|129	0.263157894737
129|53	44|129.53	1.0
129|53	55|129	0.5
36|129.39	38|36	1.0
80|77	81|80	0.333333333333
80|77	74|80	0.166666666667
80|77	79|80	0.666666666667
80|77	77|80	0.833333333333
80|77	75|80	1.0
59|57.129	61|59.57.129	1.0
65|129.64	129|65.129.64	1.0
70|68.67.129	129|70	1.0
49|38	42|49	0.333333333333
49|38	36|49	0.666666666667
47|45.47.50	52|47	1.0
32|35	44|32	0.5
32|35	37|32.35	1.0
67|69	58|67	0.125
67|69	60|67	0.166666666667
67|69	66|67.69	0.25
67|69	56|67	0.333333333333
67|69	66|67	0.75
67|69	72|67.69	0.166666666667
67|69	64|67.69	0.333333333333
67|69	65|67.69	0.75
67|69	74|67	0.25
67|69	79|67	0.0833333333333
67|69	69|67.69	0.666666666667
67|69	55|67	0.0454545454545
67|69	70|67	0.136363636364
67|69	129|67.69	0.454545454545
67|69	65|67	0.2
67|69	71|67	0.666666666667
67|69	62|67	0.142857142857
50|64	53|50	1.0
64|66	67|64	0.111111111111
64|66	59|64	0.222222222222
64|66	69|64	1.0
64|66	63|64	1.0
64|66	68|64	0.125
64|66	62|64.66	1.0
64|66	66|64.66	1.0
64|66	61|64.66	0.714285714286
64|66	62|64	0.181818181818
64|66	52|64	0.5
64|66	60|64	0.333333333333
64|66	61|64	0.666666666667
64|66	66|64	0.333333333333
72|53	69|72	1.0
93|90	81|93	0.416666666667
93|90	90|93	0.0833333333333
93|90	83|93	0.5
92|	100|	0.0454545454545
92|	80|92	1.0
92|	83|92	0.142857142857
92|	88|92	1.0
92|	90|92	1.0
92|	93|92	1.0
92|	98|	0.0454545454545
92|	95|92	0.7
40|35.53	57|40	0.333333333333
40|35.53	49|40	0.666666666667
51|39.59	44|51.39.59	1.0
73|72.71	74|73	1.0
35|33.31.36	28|35	1.0
55|	65|	0.173913043478
55|	36|55	0.1
55|	45|55	0.0666666666667
55|	64|55	0.166666666667
55|	54|55	0.214285714286
55|	49|55	0.125
55|	50|55	0.0714285714286
55|	60|55	0.0714285714286
55|	58|55	0.333333333333
55|	69|55	0.222222222222
55|	53|55	0.178571428571
55|	42|55	0.0192307692308
55|	57|55	0.421052631579
55|	46|55	0.2
55|	39|	0.0666666666667
55|	61|55	0.333333333333
55|	52|55	0.0714285714286
55|	41|	0.1
55|	72|	0.0666666666667
55|	43|55	0.0357142857143
55|	35|55	0.1
55|	70|	0.0147058823529
55|	66|55	1.0
55|	56|55	0.333333333333
55|	47|55	0.0714285714286
55|	62|55	0.473684210526
55|	129|55	0.0526315789474
55|	40|55	0.0833333333333
55|	38|55	0.4
55|	67|55	0.333333333333
55|	51|55	0.222222222222
55|	44|55	0.1
55|	63|55	0.0526315789474
55|	48|55	0.0357142857143
55|	59|55	0.0357142857143
52|55.53	54|52	1.0
46|44.42	37|46	1.0
31|	30|31	0.375
31|	43|31	0.142857142857
31|	129|31	1.0
31|	34|31	0.272727272727
31|	38|31	0.125
31|	33|31	0.636363636364
31|	44|31	1.0
31|	40|31	0.5
31|	37|	0.2
31|	36|31	0.428571428571
31|	32|31	0.0909090909091
31|	26|31	0.916666666667
31|	41|	0.5
31|	50|31	1.0
31|	27|31	1.0
31|	46|31	1.0
31|	28|31	1.0
31|	29|31	1.0
31|	35|31	0.142857142857
31|	42|	0.125
31|	47|31	1.0
59|65	72|	1.0
59|65	58|59	1.0
59|65	57|59.65	1.0
59|65	64|59	1.0
60|62.60.57.59	57|60.62.60.57.59	1.0
91|87	99|	0.5
91|87	97|	0.5
50|129.50	57|50	1.0
50|129.50	129|50.129.50	1.0
79|78.76.74.76	81|79	1.0
52|61	51|52	0.5
52|61	67|	1.0
52|61	57|52.61	1.0
52|61	64|52.61	1.0
52|61	49|52	0.333333333333
52|61	47|52	0.333333333333
52|61	61|52	1.0
85|86	86|85	1.0
85|86	89|85.86	1.0
85|86	129|85	0.166666666667
74|76	84|	0.25
74|76	71|74	0.0714285714286
74|76	67|74	1.0
74|76	129|74	1.0
74|76	70|74	0.142857142857
74|76	73|74	0.190476190476
74|76	80|74.76	1.0
74|76	72|74.76	0.75
74|76	78|74	0.4
74|76	75|74	0.142857142857
74|76	77|74	0.0714285714286
74|76	81|74	0.4
74|76	69|74	0.125
74|76	129|74.76	0.333333333333
74|76	69|74.76	0.25
74|76	76|74.76	0.2
74|76	79|74	0.047619047619
74|76	72|74	0.583333333333
45|43.40	42|45	1.0
69|129.70	129|69.129.70	1.0
62|63.72	63|62.63.72	1.0
53|48.41.48	54|53	1.0
55|77	60|55	1.0
53|129.46	129|53.129.46	1.0
33|31.26	35|33.31.26	1.0
43|129.49	36|43	1.0
35|46.35.46.40	46|35.46.35.46.40	1.0
28|30.28.30.33	30|28.30.28.30.33	0.947368421053
72|74.69	64|72	1.0
73|81	69|73	1.0
73|81	76|73.81	1.0
39|40	38|39.40	1.0
39|40	42|39.40	1.0
39|40	43|39	0.5
39|40	41|39.40	0.5
39|40	37|39	0.142857142857
39|40	34|39	0.142857142857
59|60.55	64|59	0.5
59|60.55	60|59.60	0.5
59|60.55	57|59	1.0
43|129.38.42	47|43	1.0
66|68.71	68|66	1.0
55|53.55.52	58|55	1.0
50|129.51	48|50	1.0
64|65.69	67|64	0.25
64|65.69	70|64	0.75
68|69	64|68.69	0.5
68|69	69|68	0.428571428571
68|69	67|68	0.5
68|69	71|68	0.142857142857
68|69	66|68	0.5
68|69	65|68	0.333333333333
45|57.45.44	52|45	1.0
129|37	37|129	1.0
129|37	40|129	0.5
129|37	39|129	1.0
129|37	38|129	1.0
65|68.72	71|65	1.0
57|59.57.59.57.59	129|57	1.0
67|65.64	76|67	1.0
67|65.64	70|67	0.4
67|65.64	64|67.65.64	1.0
67|65.64	69|67	1.0
82|70	79|82.70	1.0
82|70	88|82	1.0
82|70	85|82	1.0
58|129.58.129.58.129.57	129|58.129.58.129.58.129.57	1.0
69|129.72.74	129|69.129.72	1.0
79|80.74	82|79.80	0.5
79|80.74	80|79	0.5
45|36	44|45.36	1.0
45|36	42|45	1.0
45|36	36|45	1.0
36|35.33.28.35	26|	1.0
36|48.129	48|36	0.5
36|48.129	129|36	0.5
57|129.57.61	129|57.129.57.61	1.0
57|129.57.61	64|57	1.0
129|55.50	48|129.55	1.0
129|55.50	50|129.55	1.0
65|67.71	70|65.67	1.0
73|76	70|73	1.0
73|76	80|73	0.0333333333333
73|76	69|73	0.5
73|76	68|73	0.2
73|76	72|73	0.6
73|76	71|73.76	1.0
73|76	74|73.76	0.5
73|76	75|73	0.0333333333333
73|76	76|73.76	0.9
73|76	76|73	0.2
73|76	78|73	0.0333333333333
73|76	81|73	0.5
73|76	66|73	1.0
48|40	42|48	1.0
48|40	43|48	1.0
53|35.57	35|53.35.57	0.166666666667
52|67	67|	0.888888888889
52|67	68|52.67	1.0
52|67	61|52	0.111111111111
45|44.47	49|45	0.222222222222
45|44.47	47|45.44	0.555555555556
45|44.47	42|45	0.222222222222
71|69.64	73|71.69	1.0
39|38.22	34|39	1.0
60|61	59|60.61	0.333333333333
60|61	57|60	0.142857142857
60|61	55|60	0.142857142857
60|61	51|60.61	0.5
60|61	72|60	0.0909090909091
60|61	53|60	0.0909090909091
60|61	58|60	0.5
60|61	63|60	0.333333333333
60|61	61|60	0.333333333333
60|61	56|60	0.333333333333
60|61	68|60	0.333333333333
60|61	63|60.61	0.333333333333
60|61	64|60	0.333333333333
60|61	129|60	0.5
60|61	65|60	0.0909090909091
60|61	62|60	0.2
76|73.76	73|76	1.0
129|53.129.53.129.50	46|129.53.129.53.129.50	1.0
129|64.129.65	64|129.64	1.0
67|69.66	69|67.69	0.142857142857
67|69.66	66|67.69.66	0.666666666667
67|69.66	64|67.69	1.0
67|69.66	62|67	1.0
129|71.72	62|129	0.5
129|71.72	71|129.71	0.5
129|35.129.35	57|129	0.2
129|35.129.35	40|129.35	0.36
129|35.129.35	48|129	0.04
129|35.129.35	50|129	0.2
129|35.129.35	35|129.35.129.35	1.0
129|35.129.35	47|129	0.04
62|57.58	65|62	1.0
86|79	89|86	1.0
86|79	82|86	1.0
64|66.68	63|64	1.0
64|66.68	66|64.66.68	0.5
88|92	83|88	1.0
73|69.38	69|73	0.08
73|69.38	38|	0.8
73|69.38	42|	0.12
43|45.42.49.36	45|43	1.0
45|129.45	50|45.129.45	1.0
63|60.59	70|63	1.0
63|60.59	62|63.60	1.0
35|57	38|35	1.0
35|57	53|35.57	1.0
35|57	40|35.57	1.0
79|81.82	81|79	0.5
79|81.82	70|79	0.1
79|81.82	86|79	0.1
79|81.82	77|79.81.82	0.333333333333
77|74.71	64|77	1.0
62|64	67|62	1.0
62|64	66|62	0.315789473684
62|64	64|62.64	0.133333333333
62|64	61|62	1.0
62|64	63|62	0.142857142857
62|64	129|62.64	1.0
62|64	66|62.64	0.2
62|64	59|62.64	0.142857142857
62|64	65|62	0.25
62|64	72|62	0.285714285714
62|64	61|62.64	0.266666666667
62|64	70|62	1.0
62|64	69|62	0.2
62|64	129|62	1.0
62|64	59|62	0.2
62|64	60|62	1.0
62|64	64|62	0.2
62|64	57|62	0.133333333333
55|69	58|55	1.0
57|54.50	45|57	0.375
57|54.50	62|57	0.375
57|54.50	56|57	0.25
72|82	60|72	1.0
65|61.129	66|65	0.8
65|61.129	63|65	0.2
78|79.76	76|78	0.6
78|79.76	77|78	1.0
78|79.76	81|78	0.4
71|72.74.71	72|71.72.74.71	1.0
74|72.74	75|74	0.0833333333333
74|72.74	76|74.72.74	1.0
74|72.74	77|74	0.25
74|72.74	76|74	0.25
74|72.74	81|74	0.125
74|72.74	72|74.72.74	0.166666666667
74|72.74	70|74	0.2
74|72.74	71|74.72	0.166666666667
57|40	35|57.40	1.0
57|40	59|57	0.4
57|40	51|57	0.2
57|40	129|57	0.2
57|40	40|57	0.2
74|71.74	71|74	0.5
74|71.74	76|74	0.5
63|61.63	62|63	1.0
63|61.63	61|63.61.63	0.5
63|61.63	129|63	0.16
63|61.63	65|63	0.52
36|47	24|36	0.5
36|47	34|36	0.5
84|83.86	86|84.83.86	1.0
84|83.86	129|84	0.2
77|76.79.78	89|77	1.0
48|57	55|48	1.0
48|57	45|48	1.0
48|57	57|48	1.0
48|57	50|48.57	1.0
48|57	50|48	1.0
48|57	58|48	1.0
66|64.66.68	49|	0.5
66|64.66.68	64|66.64.66	0.5
50|129.50.129	43|50	0.5
50|129.50.129	55|50	0.5
100|93	97|100	1.0
74|76.78.76	73|74	0.5
74|76.78.76	76|74.76	0.5
43|42.38	39|43	1.0
47|40	40|47	0.166666666667
47|40	52|47	0.166666666667
47|40	46|47	0.75
47|40	42|47.40	0.166666666667
47|40	54|47	0.166666666667
47|40	44|47	0.166666666667
47|40	45|47	0.166666666667
47|40	48|47	0.25
63|65.60	60|63	1.0
63|65.60	62|63.65.60	1.0
63|65.60	58|63	1.0
129|72.129.74.70	73|129	1.0
62|64.129	64|62	0.285714285714
62|64.129	61|62.64.129	0.333333333333
62|64.129	129|62	0.285714285714
129|53.129.51	51|129	1.0
79|82.81	81|79	0.4
79|82.81	76|79	0.2
79|82.81	78|79	0.4
48|46.41	46|48	1.0
66|71	64|66	1.0
66|71	69|66	1.0
66|71	70|66	1.0
66|71	71|66	0.25
66|71	64|66.71	1.0
66|71	73|66	0.125
66|71	54|66	0.125
66|71	68|66.71	0.666666666667
66|71	67|66	1.0
66|71	65|66	0.333333333333
46|51.39.34	41|46.51	1.0
129|62.63	60|129	1.0
129|62.63	62|129.62	0.5
59|69.62	62|59	1.0
74|77.76	76|74.77.76	1.0
74|77.76	71|74	0.4375
74|77.76	77|74.77	0.0625
74|77.76	67|74	0.3125
74|77.76	72|74.77	0.0625
83|74	74|83	1.0
83|74	81|83	1.0
74|72.76	76|74.72.76	0.5
74|72.76	70|74	0.25
74|72.76	79|74	0.25
129|43.129.36	40|129	1.0
129|85	86|129	1.0
71|76	129|71	0.0909090909091
71|76	68|71	0.5
71|76	61|	0.0555555555556
71|76	76|71	0.944444444444
71|76	74|71	1.0
71|76	69|71.76	0.5
71|76	72|71	0.6
69|71.64	129|69	1.0
71|69.54	66|71.69.54	0.5
53|129.51	129|53.129.51	1.0
67|70.64	64|67.70.64	1.0
53|129.48.129.53	129|53.129.48.129.53	1.0
69|64	71|69.64	0.5
69|64	60|69	0.8
69|64	61|69	0.25
69|64	62|69	0.25
69|64	71|69	0.25
69|64	68|69	1.0
69|64	129|69	0.333333333333
69|64	64|69	0.5
69|64	45|	0.0454545454545
69|64	73|69	0.5
69|64	65|69	0.2
69|64	72|69	1.0
69|64	129|69.64	1.0
69|64	66|69	0.4
69|64	67|69	0.0454545454545
74|77.65	71|74	0.666666666667
74|77.65	70|74.77	0.333333333333
34|129.29	129|34.129.29	1.0
70|65	59|70	0.2
70|65	63|70	1.0
70|65	68|70.65	1.0
70|65	60|70	0.285714285714
70|65	74|70	1.0
70|65	67|70	0.2
70|65	65|70	1.0
70|65	72|70	1.0
70|65	129|70	1.0
70|65	69|70.65	1.0
70|65	69|70	0.6
70|72.67	63|70	0.5
70|72.67	73|70	0.5
70|72.67	72|70.72	0.5
70|72.67	75|70	0.5
70|72.67	69|70	1.0
50|40	47|50	1.0
50|40	45|50.40	1.0
50|40	129|50	1.0
28|35.37	37|28	1.0
68|74	67|68	0.5
68|74	66|68	1.0
68|74	72|68	0.5
93|97	88|93	1.0
65|61.60	61|65	1.0
65|61.60	129|65	1.0
57|66	52|57	0.5
57|66	54|57	1.0
57|66	66|57	1.0
57|66	47|57	0.5
49|35.53	35|49.35.53	1.0
49|35.53	46|49	0.375
88|89.94	89|88.89.94	1.0
129|40.57	35|129	1.0
69|75	77|69	0.5
69|75	75|69	1.0
69|75	74|69	0.5
69|75	129|69	1.0
60|65.60.58	63|60.65.60.58	1.0
60|65.60.58	65|60.65	0.333333333333
43|42	39|43	0.8
43|42	129|43	0.5
43|42	52|43	0.2
43|42	46|43	0.5
43|42	57|43	1.0
43|42	36|43	0.5
43|42	49|43	1.0
43|42	44|43.42	0.714285714286
43|42	45|43	1.0
43|42	66|	0.4
43|42	38|43.42	0.2
43|42	55|43	0.2
43|42	50|43	0.5
43|42	41|43.42	0.214285714286
43|42	44|43	0.5
43|42	51|43	0.2
43|42	40|43	0.333333333333
43|42	47|43	0.5
73|71.68	71|73.71.68	1.0
52|59	64|52	1.0
52|59	57|52	0.333333333333
52|59	55|52	1.0
52|59	47|52	1.0
52|59	59|52	1.0
52|59	61|52	0.666666666667
43|24	48|43	0.5
43|24	45|43	0.5
47|32	49|47	1.0
81|83.81	80|81	0.666666666667
81|83.81	84|81	0.333333333333
35|55	55|35	1.0
129|32.129	32|129.32.129	1.0
37|32.34	30|37.32.34	1.0
63|84	70|63	1.0
88|	91|88	0.25
88|	76|88	0.0212765957447
88|	80|88	0.166666666667
88|	89|88	0.31914893617
88|	129|88	0.0212765957447
88|	94|	0.0185185185185
88|	81|88	0.0212765957447
88|	85|88	0.0212765957447
88|	69|88	1.0
88|	71|88	1.0
88|	93|88	0.2
88|	86|88	1.0
88|	90|88	0.25
88|	83|88	0.25
88|	92|88	0.636363636364
88|	77|88	1.0
88|	87|88	0.0851063829787
88|	99|	0.0740740740741
88|	78|88	1.0
64|67.70.64	60|64	1.0
30|28.30.33.35.33.35.37	32|30	1.0
72|71	67|72	1.0
72|71	84|72	0.08
72|71	71|72.71	0.285714285714
72|71	69|72	0.047619047619
72|71	73|72	1.0
72|71	73|72.71	0.5
72|71	78|72	0.0714285714286
72|71	74|72.71	1.0
72|71	74|72	0.5
72|71	77|72.71	1.0
72|71	70|72.71	0.047619047619
72|71	70|72	0.04
72|71	55|72	0.25
72|71	59|	0.25
72|71	79|72	0.047619047619
72|71	129|72	0.5
72|71	64|72	0.047619047619
72|71	81|72	0.0714285714286
72|71	71|72	0.5
72|71	76|72	0.047619047619
39|44	44|39.44	1.0
39|44	46|39	0.09375
39|44	53|39.44	1.0
39|44	59|	0.03125
39|44	36|39	0.15625
39|44	51|39	0.4375
39|44	44|39	1.0
39|44	55|39.44	1.0
57|129	55|57	1.0
57|129	58|57	1.0
57|129	59|57.129	0.25
57|129	61|57	0.2
57|129	63|57	1.0
57|129	129|57	0.75
57|129	62|57	0.6
57|129	52|57	1.0
57|129	64|57	0.2
57|129	129|57.129	1.0
34|38	37|34	0.25
34|38	42|	0.25
34|38	48|34	0.25
34|38	35|34	0.25
65|63.62.60	67|65.63.62.60	1.0
67|71	74|67	0.142857142857
67|71	79|67	0.5
67|71	60|67	0.142857142857
67|71	129|67.71	0.5
67|71	65|67.71	0.333333333333
67|71	71|67.71	1.0
67|71	72|67.71	1.0
67|71	66|67	0.428571428571
67|71	74|67.71	1.0
67|71	64|67	0.5
67|71	66|67.71	0.133333333333
67|71	77|67	1.0
67|71	62|67	0.2
67|71	69|67	0.466666666667
82|84.82	79|82	1.0
82|84.82	87|82	1.0
25|	43|25	1.0
25|	21|	1.0
25|	40|25	1.0
25|	37|	1.0
69|70.72.69	129|69.70	1.0
71|67	74|71.67	0.25
71|67	67|71	0.75
71|67	68|71	1.0
71|67	129|71.67	1.0
71|67	74|71	1.0
71|67	62|71	0.5
71|67	69|71.67	1.0
32|37.30	30|32	0.787878787879
32|37.30	37|32	0.212121212121
55|58.60	58|55.58	1.0
66|64.66	63|66	1.0
66|64.66	69|66	0.333333333333
66|64.66	57|66	0.875
66|64.66	68|66	0.181818181818
66|64.66	71|66	0.333333333333
66|64.66	76|66	0.166666666667
66|64.66	67|66.64	0.333333333333
66|64.66	74|66	0.166666666667
66|64.66	62|66	0.333333333333
66|64.66	64|66.64.66	1.0
24|45	47|24	1.0
39|38.36	40|39	0.2
39|38.36	42|39	0.8
63|64.63	64|63	1.0
77|65	76|77.65	1.0
77|65	74|77.65	0.666666666667
32|43	129|32	1.0
129|46.129.53.129.53.129.50	55|129	1.0
54|53.58	49|54	1.0
74|72.81	69|74	1.0
88|79	76|88.79	0.666666666667
60|55.57	58|60	1.0
86|88.86.84	88|86	1.0
55|63	53|55	1.0
55|63	62|55	1.0
55|63	61|55	1.0
55|63	58|55	1.0
83|88	80|83	0.25
83|88	79|83	0.5
83|88	81|83.88	1.0
79|82.70	76|79	1.0
70|69.61	69|70.69.61	1.0
70|75	75|70.75	0.5
70|75	67|70	0.5
55|35	35|55	0.75
55|35	42|55	0.25
56|52	60|56	0.2
56|52	57|56	0.2
56|52	61|56	0.5
56|52	59|56	1.0
56|52	58|56	1.0
56|52	55|56	0.5
56|52	54|56	0.2
56|52	52|56	1.0
56|52	50|56	1.0
59|43.60	50|59	1.0
79|81.74	74|79	1.0
50|43.45	41|50	1.0
82|72	81|82	1.0
51|38.53	44|51.38.53	1.0
51|38.53	36|51.38	0.5
65|68.65.61	60|65	1.0
58|54	54|58	1.0
58|54	56|58	0.5
58|54	61|58	1.0
58|54	52|58	0.5
74|75.129.77.129	129|74.75	1.0
36|30	37|36	1.0
55|49	52|55	1.0
72|73.67	67|72	1.0
51|60	52|51	0.111111111111
51|60	53|51.60	1.0
51|60	58|51	0.111111111111
51|60	60|51	0.555555555556
51|60	57|51	0.111111111111
51|60	66|51	0.111111111111
46|129.42.129.43	129|46.129.42.129.43	1.0
86|84.86.88	83|86	1.0
38|39.41	39|38.39	0.5
38|39.41	43|38	1.0
38|39.41	35|38	0.5
60|63.58	63|60	1.0
66|73	75|66	0.32
66|73	73|66.73	1.0
66|73	64|66	0.36
36|44	51|36	0.2
36|44	38|36	0.1
36|44	39|36.44	1.0
36|44	46|36	0.2
36|44	42|36.44	0.666666666667
74|129.73	70|74	1.0
74|129.73	129|74	1.0
83|129	91|	1.0
62|57	61|62.57	1.0
62|57	66|62	1.0
62|57	61|62	1.0
62|57	64|62.57	0.5
62|57	63|62	1.0
62|57	129|62.57	1.0
62|57	65|62	0.125
62|57	72|62	0.0909090909091
62|57	67|62	0.5
62|57	50|62	0.25
62|57	69|62	0.5
62|57	60|62.57	0.5
62|57	59|62	0.5
62|57	60|62	0.142857142857
62|57	66|62.57	0.25
62|57	55|62	0.833333333333
62|57	64|62	1.0
62|57	57|62	0.857142857143
32|33	37|32.33	1.0
32|33	30|32	0.0833333333333
32|33	129|32	1.0
45|42.46	44|45	0.25
45|42.46	33|45	0.25
45|42.46	42|45	0.5
65|64.65	64|65.64.65	0.4
65|64.65	67|65.64	0.6
65|64.65	57|65	1.0
65|64.65	60|65	1.0
65|64.65	63|65	1.0
77|84	76|77.84	1.0
129|30	33|129.30	1.0
129|30	28|129	1.0
129|30	30|129	1.0
129|30	37|129	1.0
47|35	39|	1.0
47|35	45|47	1.0
75|80	80|75	1.0
75|80	72|75	0.666666666667
75|80	73|75	0.333333333333
64|67.62	69|64.67	0.666666666667
64|67.62	65|64.67	0.333333333333
129|62	57|129	1.0
129|62	60|129	0.5
129|62	74|129	0.25
129|62	65|129.62	1.0
129|62	75|129	1.0
129|62	62|129.62	0.5
129|62	69|129	0.5
129|62	81|129	0.5
129|62	72|129	1.0
129|62	65|129	0.0294117647059
129|62	70|129	0.117647058824
129|62	61|129	0.6
129|62	63|129	0.545454545455
129|62	64|129	0.5
129|62	67|129.62	1.0
129|62	67|129	0.75
129|62	66|129	0.5
36|37	39|36	1.0
36|37	50|36	0.230769230769
36|37	38|36	0.0666666666667
36|37	35|36	0.133333333333
36|37	34|36	1.0
36|37	48|36	0.0666666666667
36|37	33|36	0.5
36|37	41|36	0.192307692308
36|37	31|36	0.5
36|37	24|36	0.115384615385
36|37	43|36	1.0
69|38	73|69.38	0.08
69|38	48|	0.147058823529
69|38	36|	0.0294117647059
69|38	38|69	0.0882352941176
45|43.38	33|45.43.38	0.5
45|43.38	47|45.43.38	1.0
59|68	57|59	1.0
59|68	61|59	1.0
59|68	67|59	1.0
39|38.53	53|39.38	0.0909090909091
39|38.53	51|39.38.53	1.0
39|38.53	59|	0.0909090909091
39|38.53	36|39	0.636363636364
39|38.53	44|39	0.0909090909091
59|66	64|59	0.5
59|66	61|59	1.0
59|66	68|59	0.5
59|66	65|59	1.0
59|66	56|59	1.0
51|66	66|51	0.333333333333
51|66	48|51	0.666666666667
70|129	74|70	1.0
70|129	65|70	0.333333333333
70|129	69|70.129	0.25
70|129	79|70	0.25
70|129	68|70.129	1.0
70|129	73|70	1.0
70|129	129|70.129	0.375
70|129	72|70	0.625
70|129	129|70	0.666666666667
38|51	51|38.51	1.0
38|51	39|38.51	0.0625
38|51	36|38	1.0
38|51	44|38.51	1.0
38|51	53|38	0.0909090909091
43|45	42|43	0.5
43|45	40|43	1.0
43|45	44|43	1.0
43|45	41|43	0.25
43|45	48|43	0.75
43|45	38|43.45	0.5
43|45	50|43.45	1.0
43|45	46|43	1.0
43|45	129|43	0.25
43|45	31|43	0.2
43|45	45|43	0.333333333333
129|41.129	29|129	0.2
129|41.129	41|129.41.129	0.333333333333
129|41.129	34|129.41	1.0
129|46	44|129	0.625
129|46	62|129	0.025641025641
129|46	48|129	0.0769230769231
129|46	43|129	0.0769230769231
129|46	34|129	0.5
129|46	38|129.46	1.0
129|46	46|129	0.9
129|46	49|129.46	0.04
129|46	53|129.46	0.666666666667
129|46	50|129	0.04
129|46	34|129.46	1.0
129|46	41|129	1.0
129|46	39|129	0.333333333333
129|46	33|129	0.1
129|46	45|129	0.333333333333
129|46	36|129	0.125
129|46	58|129	1.0
129|46	51|129	0.153846153846
129|46	49|129	0.125
129|46	55|129	0.103448275862
129|46	42|129.46	0.965517241379
46|34	39|46	0.166666666667
46|34	51|46	0.166666666667
46|34	45|46	1.0
46|34	34|46.34	1.0
46|34	41|46.34	0.5
46|34	41|46	0.166666666667
53|54	57|53	1.0
53|54	60|53	1.0
53|54	27|	1.0
53|54	50|53	0.333333333333
53|54	51|53	1.0
53|54	52|53	1.0
53|54	54|53	1.0
40|46	129|40	0.5
40|46	43|40	0.5
40|46	34|40	0.5
40|46	46|40.46	1.0
40|46	47|40	0.5
52|53.52.55	50|52.53.52.55	1.0
51|39	39|51	0.0882352941176
51|39	53|51	1.0
51|39	36|51	0.205882352941
51|39	38|51.39	0.285714285714
51|39	44|51	0.441176470588
51|39	35|51	0.0294117647059
51|42	42|51	0.5
51|42	33|	0.0714285714286
51|42	37|51	0.428571428571
53|56.53	49|53	0.5
53|56.53	48|53	0.25
53|56.53	52|53.56	0.25
33|35.47	37|33.35	1.0
68|67.75.74	72|68	1.0
74|76.73	77|74	1.0
74|76.73	69|74	1.0
24|40	43|24	1.0
49|46	38|49	0.125
49|46	35|49	0.111111111111
49|46	52|49	1.0
49|46	51|49	1.0
49|46	48|49	0.4
49|46	53|49	0.2
49|46	42|49	1.0
49|46	46|49.46	0.777777777778
49|46	57|49	0.111111111111
49|46	45|49	0.4
72|70.68	67|72	1.0
38|39.36	34|38	0.5
38|39.36	45|38	0.5
38|39.36	39|38.39.36	1.0
57|50	58|57	0.5
57|50	56|57	0.5
57|50	55|57.50	1.0
57|50	50|57	0.5
57|50	129|57	0.666666666667
57|50	62|57	0.333333333333
57|50	52|57	0.333333333333
57|50	45|57	1.0
57|50	66|57	1.0
57|50	129|57.50	1.0
57|50	52|57.50	0.5
61|59.57.61.64	59|61	1.0
129|44.129.44.129.44.129.49	44|129.44.129.44.129.44.129.49	1.0
75|77.79	72|75	1.0
62|64.67	60|62	1.0
34|32	37|34.32	1.0
34|32	39|34	1.0
34|32	31|34	1.0
34|32	36|34	0.333333333333
34|32	35|34	0.333333333333
92|88	80|92	0.0909090909091
92|88	95|92.88	0.5
92|88	83|92	0.636363636364
92|88	98|	0.0909090909091
63|68.67	68|63.68.67	1.0
64|67.58	65|64.67.58	1.0
70|72.69	69|70.72	1.0
70|72.69	67|70	1.0
70|72.69	69|70.72.69	1.0
44|	34|	0.0909090909091
44|	45|44	0.217391304348
44|	59|44	0.25
44|	53|44	1.0
44|	50|44	1.0
44|	37|44	0.366666666667
44|	41|44	0.333333333333
44|	48|	0.0377358490566
44|	30|44	1.0
44|	46|44	0.173913043478
44|	61|44	1.0
44|	49|44	0.3
44|	55|	0.010752688172
44|	42|44	0.2
44|	57|	0.333333333333
44|	35|44	0.0434782608696
44|	24|44	1.0
44|	29|44	0.0909090909091
44|	36|44	0.0869565217391
44|	47|44	0.0666666666667
44|	39|44	0.344086021505
44|	56|44	0.0740740740741
44|	43|44	0.0869565217391
44|	129|44	0.130434782609
44|	31|44	1.0
44|	38|44	0.268817204301
44|	33|44	1.0
44|	51|44	0.260869565217
44|	68|44	0.666666666667
44|	40|44	0.0333333333333
44|	32|44	0.0909090909091
44|	64|44	1.0
36|39	51|36.39	0.0714285714286
36|39	38|36	0.0344827586207
36|39	55|	0.0344827586207
36|39	59|	0.172413793103
36|39	46|36	0.0344827586207
36|39	39|36	0.0689655172414
36|39	44|36	0.137931034483
36|39	53|	0.0344827586207
24|36.34	38|24	1.0
76|129.71	75|76	1.0
61|65	58|61	0.166666666667
61|65	55|61	0.25
61|65	63|61	1.0
61|65	63|61.65	1.0
61|65	58|61.65	1.0
61|65	64|61	1.0
61|65	65|61	0.833333333333
61|65	68|61	0.4
61|65	73|61	0.2
61|65	129|61.65	0.285714285714
61|65	67|61	1.0
61|65	60|61	0.5
61|65	59|61	0.4
56|68	60|56	1.0
37|34.40	39|37	1.0
49|36.46	46|49.36	1.0
37|38.37	36|37	0.111111111111
37|38.37	40|37	0.222222222222
37|38.37	38|37.38.37	1.0
74|68	69|74	0.5
74|68	67|74	1.0
74|68	72|74	1.0
43|52	45|43	1.0
67|69.129	129|67.69	1.0
59|47	57|59	1.0
59|47	47|59	0.285714285714
59|47	61|59	0.142857142857
59|47	51|59	0.428571428571
59|47	69|59	0.142857142857
71|83.79	88|71	0.333333333333
71|83.79	92|	0.333333333333
71|83.79	79|71	0.333333333333
42|59.35	59|42.59.35	1.0
42|59.35	35|42	0.5
74|82	75|74	1.0
61|62.59	59|61.62	0.125
61|62.59	64|61	0.875
61|59.57.64	57|61	1.0
81|69	79|81.69	1.0
64|61.66	59|64	1.0
61|62.57.55	57|61	1.0
69|129.70.129	70|69.129.70.129	1.0
40|51	44|40	1.0
40|51	55|	0.166666666667
40|51	51|	0.833333333333
52|57.52.45	45|52.57.52	1.0
60|58.57	63|60.58	1.0
60|58.57	58|60.58	1.0
64|66.64	67|64	1.0
64|66.64	61|64.66.64	1.0
68|73	69|68.73	1.0
68|73	70|68.73	1.0
68|73	71|68	1.0
68|73	71|68.73	1.0
58|55.60	60|58.55	1.0
61|58	64|61	1.0
61|58	51|61	0.785714285714
61|58	72|61	0.125
61|58	65|61.58	1.0
61|58	67|61	0.5
61|58	64|61.58	0.0714285714286
61|58	63|61	0.4
61|58	56|61	0.333333333333
61|58	66|61	1.0
61|58	60|61.58	0.5
61|58	63|61.58	0.2
61|58	62|61	0.5
61|58	58|61	1.0
61|58	58|61.58	0.5
61|58	59|61	0.333333333333
83|81	84|83	1.0
83|81	85|83	0.4
83|81	88|83	0.25
83|81	129|83	0.25
83|81	81|83.81	0.666666666667
83|81	71|83.81	0.5
83|81	78|83.81	1.0
83|81	84|83.81	0.1
83|81	86|83	0.75
129|74	77|129	0.0833333333333
129|74	62|129	0.6
129|74	66|129.74	1.0
129|74	60|129	0.5
129|74	70|129	0.2
129|74	83|129	1.0
129|74	68|129	0.25
129|74	74|129	1.0
129|74	57|129	0.5
129|74	75|129	0.222222222222
129|74	71|129.74	1.0
129|74	69|129	0.125
129|74	72|129.74	1.0
129|74	81|129	0.5
129|74	72|129	0.344827586207
129|74	67|129	0.6
129|74	89|	0.2
129|74	76|129.74	1.0
129|74	73|129	0.25
129|74	66|129	0.2
41|50	43|41	1.0
41|50	50|41	0.666666666667
41|50	34|41	0.333333333333
42|37.44	35|42	0.5
42|37.44	37|42	0.5
42|37.44	44|42	1.0
72|129.69	129|72.129.69	1.0
53|35.53.35.53.35	57|53	0.0833333333333
53|35.53.35.53.35	49|53	0.0833333333333
53|35.53.35.53.35	35|53.35.53.35.53.35	0.15
129|43.129.38.129.36	55|129	1.0
38|37	37|38.37	1.0
38|37	39|38	1.0
38|37	129|38	0.25
38|37	42|38	0.2
38|37	43|38.37	0.5
38|37	26|	0.2
38|37	36|38	1.0
38|37	45|38	1.0
38|37	50|38	0.5
38|37	33|38	1.0
38|37	40|38.37	0.0952380952381
38|37	35|38	0.380952380952
72|74	129|72.74	0.25
72|74	67|72	0.666666666667
72|74	84|72	0.0833333333333
72|74	77|72	0.047619047619
72|74	62|72	0.4
72|74	69|72	0.0540540540541
72|74	66|72	0.153846153846
72|74	69|72.74	0.125
72|74	68|72	1.0
72|74	74|72	0.75
72|74	74|72.74	0.25
72|74	65|72	0.153846153846
72|74	70|72	0.153846153846
72|74	59|	0.0238095238095
72|74	79|72	0.0238095238095
72|74	75|72	0.0238095238095
72|74	70|72.74	1.0
72|74	64|72	0.6
72|74	71|72.74	0.666666666667
72|74	71|72	0.0714285714286
72|74	82|72	0.047619047619
72|74	76|72	1.0
72|74	63|72	0.2
67|68.75	68|67	1.0
72|	67|72	0.0555555555556
72|	84|72	0.0294117647059
72|	57|72	1.0
72|	77|72	0.0243902439024
72|	62|72	1.0
72|	69|72	0.142857142857
72|	73|72	0.333333333333
72|	66|72	0.0714285714286
72|	78|72	1.0
72|	68|72	0.333333333333
72|	74|72	0.222222222222
72|	41|	0.0769230769231
72|	65|72	0.111111111111
72|	70|72	0.444444444444
72|	64|72	0.0714285714286
72|	55|72	1.0
72|	59|	0.333333333333
72|	79|72	0.0243902439024
72|	58|72	0.5
72|	60|72	0.030303030303
72|	76|72	0.2
72|	75|72	1.0
72|	129|72	0.481481481481
72|	81|72	0.025
72|	71|72	0.6
72|	82|72	1.0
72|	63|72	0.166666666667
61|62.57.129.57	59|61	1.0
71|67.129	74|71.67	1.0
38|37.33	44|38	1.0
48|53.129	45|48.53.129	1.0
64|52.64	74|64	0.5
64|52.64	57|64	0.5
73|64	65|73	0.333333333333
73|64	64|73.64	0.5
73|64	64|73	1.0
60|58.56	63|60	0.5
60|58.56	62|60.58.56	1.0
37|32.39.34	34|37	1.0
74|75.65	77|74.75	1.0
54|50.55	43|	0.333333333333
54|50.55	49|54	0.333333333333
54|50.55	52|54	0.333333333333
24|44	48|24	1.0
74|72.74.75	75|74	1.0
44|29	46|44	1.0
48|41.48	53|48.41.48	1.0
48|41.48	41|48.41	0.1
69|72.64	65|69.72	1.0
76|71.83	82|76	1.0
95|	88|95	1.0
95|	99|	0.0416666666667
95|	92|95	1.0
95|	100|95	1.0
95|	93|95	1.0
95|	83|	0.708333333333
95|	91|95	1.0
76|77.74	79|76.77	0.428571428571
76|77.74	73|76	0.142857142857
76|77.74	72|76.77.74	1.0
76|77.74	74|76.77	0.142857142857
48|129.47	129|48.129.47	1.0
48|129.47	43|48	1.0
65|60.64	53|65	0.5
65|60.64	62|65	0.5
68|72.70.72.74	72|68.72.70.72.74	1.0
54|	65|54	1.0
54|	55|54	0.555555555556
54|	40|	0.0909090909091
54|	61|54	0.5
54|	59|54	0.5
54|	48|54	1.0
54|	66|54	0.2
54|	64|54	1.0
54|	52|54	0.333333333333
54|	47|54	0.0625
54|	60|54	1.0
54|	56|54	0.5
54|	43|	0.0153846153846
54|	42|54	1.0
54|	41|	1.0
54|	53|54	1.0
54|	70|	0.142857142857
54|	37|	0.03125
54|	57|54	0.142857142857
54|	63|54	0.142857142857
54|	50|54	0.142857142857
54|	129|54	1.0
54|	44|	0.0769230769231
54|	45|54	0.0606060606061
54|	62|54	0.2
54|	58|54	0.0307692307692
54|	69|54	0.5
54|	51|54	0.0625
54|	49|54	0.333333333333
74|72.70.69	70|74	1.0
74|72.70.69	75|74.72.70.69	1.0
74|72.70.69	72|74.72	0.75
63|55	58|63	1.0
63|55	68|63	0.333333333333
63|55	69|63	1.0
63|55	66|63	1.0
63|55	56|63	0.666666666667
63|55	65|63	1.0
67|66.72	69|67.66.72	1.0
30|	40|30	1.0
30|	26|30	1.0
30|	32|30	0.3
30|	35|30	0.166666666667
30|	129|30	0.5
30|	28|30	0.811518324607
30|	37|30	0.825
30|	31|30	0.0157068062827
30|	33|30	0.1
30|	42|30	0.0104712041885
30|	46|	0.2
30|	38|30	1.0
30|	34|30	0.1
30|	36|30	1.0
30|	48|30	0.5
30|	29|30	0.0104712041885
57|129.57	62|57.129.57	1.0
57|129.57	55|57	0.333333333333
57|129.57	64|57	0.166666666667
84|81	82|84.81	0.5
84|81	70|84	0.0909090909091
84|81	86|84	0.181818181818
84|81	89|84	0.166666666667
84|81	129|84	0.5
84|81	82|84	0.5
84|81	88|84.81	1.0
60|63.60	65|60	0.75
60|63.60	63|60	0.25
60|63.60	64|60.63	1.0
84|71	83|84	1.0
39|24	41|39	1.0
129|76.78	71|129.76	1.0
74|76.77	76|74.76.77	0.666666666667
74|76.77	73|74	1.0
74|76.77	76|74	0.5
74|76.77	81|74	0.0714285714286
74|76.77	129|74.76	0.5
74|76.77	72|74.76.77	0.714285714286
129|49.129.44	44|129.49.129.44	1.0
73|71.70	71|73	1.0
50|129.55	129|50.129.55	0.8
64|129.65	129|64.129.65	1.0
64|129.65	62|64.129	1.0
129|42.129.43	46|129.42.129.43	1.0
129|42.129.43	42|129.42	0.5
64|62.64	68|64	0.5
64|62.64	62|64.62	0.5
51|129.51.129.38	129|51.129.51.129.38	1.0
63|68	60|63.68	1.0
63|68	60|63	0.5
63|68	68|63	0.5
63|68	68|63.68	1.0
63|68	129|63	0.2
63|68	66|63	1.0
63|68	67|63	1.0
63|68	73|63	0.2
80|76.88	86|	1.0
81|89	86|81	1.0
59|129.59	60|59	1.0
78|73.70	73|78	1.0
70|65.57	65|70	1.0
74|64	129|74	1.0
74|64	65|74	1.0
74|64	73|74	1.0
50|45.57	43|50	1.0
37|45	38|37.45	1.0
37|45	33|37	1.0
129|40.129.59	50|129	0.5
129|40.129.59	35|129	0.5
85|82	76|85	0.333333333333
85|82	82|85	0.333333333333
85|82	73|85	1.0
85|82	84|85	0.333333333333
43|42.41	41|43.42	1.0
56|53	60|56	1.0
56|53	55|56.53	1.0
56|53	59|56	1.0
56|53	58|56	0.5
56|53	55|56	0.5
56|53	54|56	0.142857142857
56|53	53|56.53	1.0
56|53	53|56	1.0
80|129	77|80	1.0
80|129	81|80	1.0
87|71	95|87	1.0
49|65	48|49	0.5
49|65	50|49	0.5
67|69.71.66	69|67.69.71	1.0
32|34.30	37|32.34	0.333333333333
32|34.30	30|32.34.30	0.25
51|129.56	129|51	0.5
51|129.56	44|51	0.5
74|76.74.72.76	71|74	1.0
74|73.72	76|74.73	0.857142857143
74|73.72	75|74.73	0.142857142857
76|74.77.76	72|76	1.0
62|64.71	69|62	1.0
36|35.40	37|36	0.285714285714
36|35.40	33|36	0.571428571429
36|35.40	31|36	0.142857142857
65|57	62|65	0.166666666667
65|57	57|65	0.166666666667
65|57	70|65.57	1.0
65|57	60|65	1.0
65|57	61|65	1.0
65|57	64|65.57	1.0
65|57	58|65	0.333333333333
129|82	79|129	1.0
129|82	62|129	0.333333333333
129|82	82|129	0.666666666667
129|82	81|129	1.0
40|41.46	38|40	1.0
129|53.129	46|129.53	0.4
129|53.129	53|129.53.129	1.0
129|53.129	55|129	0.2
58|60.48	57|58.60.48	1.0
39|	26|	0.333333333333
39|	31|39	0.05
39|	38|39	0.08
39|	42|39	0.04
39|	129|39	0.12
39|	53|39	0.119047619048
39|	35|39	0.5
39|	59|	0.0714285714286
39|	55|	0.047619047619
39|	36|39	0.125
39|	29|39	0.04
39|	43|39	0.24
39|	34|39	0.0769230769231
39|	46|39	0.125
39|	33|39	1.0
39|	27|	0.125
39|	44|39	0.12
39|	51|39	0.923076923077
39|	40|39	0.08
39|	32|39	0.125
39|	37|39	1.0
39|	24|39	1.0
39|	50|39	0.08
39|	41|39	0.12
39|	48|	0.15
68|66.71	66|68	1.0
52|48	51|52	0.0909090909091
52|48	55|52.48	0.5
52|48	38|	0.0909090909091
52|48	57|52	0.5
52|48	55|52	0.454545454545
52|48	54|52	1.0
52|48	53|52.48	0.5
33|53	21|	1.0
37|51.41	51|37.51.41	1.0
50|56	46|50	0.333333333333
50|56	52|50	1.0
50|56	51|50.56	1.0
43|42.40	129|43	1.0
43|42.40	44|43.42.40	1.0
51|62	60|51	1.0
69|73.76.74	68|69	1.0
66|129.63	129|66	1.0
37|28	28|37	1.0
60|129.58	62|60	1.0
35|129.35	129|35.129.35	0.04
57|61.52	59|57.61.52	1.0
63|62.65	58|63	0.6
63|62.65	65|63.62	0.4
63|62.65	70|63	0.5
85|97	92|	0.5
85|97	90|85	0.5
129|61	57|129	0.333333333333
129|61	60|129	0.0833333333333
129|61	56|129.61	0.2
129|61	48|129	1.0
129|61	43|129	1.0
129|61	61|129.61	0.25
129|61	52|129	1.0
129|61	65|129	0.375
129|61	62|129.61	1.0
129|61	68|129	1.0
129|61	63|129	0.166666666667
129|61	62|129	1.0
129|61	64|129.61	1.0
129|61	66|129	1.0
58|67.68	67|58.67.68	0.666666666667
47|59.54	52|47	1.0
64|63	69|64	0.5
64|63	71|64	1.0
64|63	59|64	1.0
64|63	61|64	0.125
64|63	65|64.63	0.5
64|63	62|64	0.5
64|63	53|64	1.0
64|63	129|64	0.125
64|63	66|64	0.5
64|63	63|64.63	0.5
64|63	63|64	0.25
64|63	76|64	1.0
64|63	67|64	0.125
64|63	60|64	1.0
86|85	88|86	0.333333333333
86|85	85|86	1.0
86|85	77|86	0.25
86|85	87|	0.666666666667
86|85	89|86	1.0
86|85	90|	0.5
86|85	82|86	0.5
51|33.51.41	41|	0.666666666667
51|33.51.41	40|51	0.333333333333
74|78.74	79|74	1.0
41|23	47|41	1.0
129|50.129.55	43|129	0.2
129|50.129.55	50|129.50	0.8
52|54.50.49	49|52	1.0
59|60.50	66|59	0.4
59|60.50	64|59	0.4
59|60.50	57|59.60.50	1.0
60|62.61	55|60.62	1.0
74|73.129	129|74.73	1.0
64|60.65	48|64	1.0
64|62.67	76|64	1.0
64|62.67	69|64	1.0
35|53	57|35	0.0729166666667
35|53	40|35.53	0.333333333333
35|53	49|35.53	0.375
35|53	53|35	0.5
40|129	45|40	1.0
40|129	38|40.129	0.5
40|129	44|40	0.166666666667
40|129	27|	0.0833333333333
40|129	43|40	0.333333333333
40|129	33|40	0.0833333333333
40|129	29|40	0.0833333333333
40|129	34|40	0.0833333333333
40|129	50|40	0.0833333333333
40|129	38|40	0.5
40|129	41|40	0.25
40|129	39|40	0.5
35|33.31.26	24|	1.0
41|42.44	44|41	1.0
49|54	53|49	0.25
49|54	52|49.54	1.0
49|54	42|49	0.416666666667
49|54	50|49	0.166666666667
49|54	51|49	1.0
49|54	54|49.54	0.166666666667
49|54	62|	1.0
129|49.129.42	50|129	1.0
64|62.63	58|64	0.5
64|62.63	62|64.62	0.5
50|55	51|50	0.5
50|55	129|50.55	1.0
50|55	53|50	0.333333333333
50|55	52|50	1.0
50|55	42|50	0.333333333333
50|55	48|50	1.0
50|55	40|50	0.333333333333
50|55	49|50	0.2
50|55	62|50	0.2
50|55	54|50.55	0.333333333333
50|55	46|50	0.5
50|55	47|50	0.5
50|55	55|50	0.5
55|45	50|55	1.0
55|45	43|55	1.0
55|45	60|55	1.0
54|45	50|54	1.0
54|45	47|54	1.0
54|45	45|54	1.0
54|45	49|54	1.0
67|69.70.72.74.76	65|67	1.0
43|36.58	36|43.36.58	1.0
63|62	47|63	1.0
63|62	69|63	0.142857142857
63|62	66|63	0.333333333333
63|62	57|63	0.111111111111
63|62	73|63	0.0285714285714
63|62	62|63	0.25
63|62	65|63.62	0.314285714286
63|62	70|63	0.0571428571429
63|62	65|63	0.666666666667
63|62	68|63	0.0285714285714
63|62	62|63.62	0.75
63|62	129|63.62	0.0285714285714
63|62	49|	1.0
63|62	58|63	0.114285714286
63|62	64|63	0.25
63|62	75|63	0.0857142857143
63|62	60|63	0.0857142857143
63|62	59|63	0.5
63|62	129|63	1.0
63|62	67|63	0.25
63|62	72|63	0.111111111111
74|77.79	82|74	0.142857142857
74|77.79	77|74.77	0.142857142857
74|77.79	67|74	0.285714285714
74|77.79	76|74.77	0.428571428571
41|48.53	48|41	0.5
41|48.53	53|41.48	0.5
41|48.53	45|41.48	0.166666666667
62|56	58|62	1.0
62|72	64|62	1.0
62|72	71|62	1.0
68|70.74	69|68	1.0
62|64.69	60|62	1.0
62|64.69	70|62	1.0
73|74.71	69|73	1.0
73|72	69|73	0.5
73|72	74|73.72	0.857142857143
73|72	64|73	1.0
73|72	70|73	0.117647058824
73|72	45|73	1.0
73|72	72|73	0.411764705882
73|72	74|73	1.0
73|72	129|73	1.0
73|72	75|73	0.0588235294118
73|72	77|73	1.0
78|79.78.79	90|78	1.0
50|40.45.50	47|50	1.0
77|71	76|77	0.2
77|71	79|77	0.8
72|61	67|72	1.0
76|77.86	89|	1.0
53|48.50	41|53.48	1.0
53|48.50	55|53.48	1.0
53|56.51	58|53	1.0
72|129.74.129	129|72.129.74.129	1.0
76|88.80	88|76	0.166666666667
76|88.80	74|76	0.166666666667
76|88.80	80|76.88	0.166666666667
76|88.80	68|76	0.166666666667
76|88.80	99|	0.333333333333
65|67	73|65	0.0322580645161
65|67	70|65.67	0.06
65|67	67|65	0.1
65|67	72|65	0.0645161290323
65|67	129|65	1.0
65|67	70|65	0.363636363636
65|67	67|65.67	0.5
65|67	57|65	0.166666666667
65|67	58|65	0.04
65|67	60|65	0.333333333333
65|67	64|65.67	0.666666666667
65|67	129|65.67	0.06
65|67	62|65	0.75
65|67	69|65	0.5
65|67	64|65	0.5
65|67	81|	0.166666666667
65|67	66|65	0.111111111111
65|67	75|65	0.02
65|67	77|65	0.0645161290323
65|67	74|65	1.0
65|67	68|65	0.32
65|67	63|65	0.46
33|129.30	31|33.129	1.0
56|55.54	58|56.55	1.0
38|129	41|38	0.666666666667
38|129	129|38	0.333333333333
38|129	36|38	0.333333333333
38|129	43|38	0.5
38|129	39|38.129	1.0
38|129	45|38	0.5
38|129	40|38	0.333333333333
38|129	35|38	1.0
36|129.41	129|36.129.41	1.0
76|77.80	81|76	1.0
59|46	51|59	1.0
59|46	48|59	1.0
87|83	95|87	0.1
87|83	75|87	0.3
87|83	71|87	0.2
87|83	90|87.83	0.25
60|62.63.65.62	63|60.62	1.0
34|129.34.129.34.129.34.129.41	129|34.129.34.129.34.129.34.129.41	1.0
129|50.45.129.57	50|129.50	1.0
43|38.37	45|43	1.0
70|69.65	67|70	1.0
129|34.129.46	41|129.34.129	1.0
69|64.57	57|69	0.574468085106
69|64.57	62|69	0.425531914894
64|77	65|64	0.25
64|77	67|64	0.75
67|65.62	68|67	1.0
39|44.39	36|39	1.0
55|53.51	48|55	1.0
29|26.28	32|29	0.25
29|26.28	129|29	0.75
47|64	66|47	0.375
47|64	63|	0.5
47|64	69|47	0.125
53|45	38|53	0.5
53|45	57|53	0.5
44|51.38.46	39|44.51	1.0
71|73.71.68	129|71	1.0
57|45.44	52|57	0.5
57|45.44	45|57.45.44	1.0
32|129.32.129	33|32	1.0
57|59.61.62	59|57.59	1.0
58|61.58	59|58.61	0.5
58|61.58	51|58	0.5
129|81.129.81	78|129	1.0
39|41	38|39.41	0.5
39|41	46|39	0.5
39|41	44|39	0.2
39|41	43|39	1.0
39|41	37|39	0.5
46|36.42	49|46	1.0
45|42.49.42	42|45	1.0
33|31.37	35|33	1.0
83|91	85|83	1.0
36|39.36	59|	0.5
36|39.36	51|36.39.36	1.0
57|58.60.48	56|57	1.0
64|61.63	67|64	1.0
64|61.63	63|64	1.0
89|	93|	0.363636363636
89|	88|89	0.333333333333
89|	129|89	0.75
89|	86|89	0.0909090909091
89|	83|89	1.0
89|	91|89	0.030303030303
89|	94|	0.0833333333333
89|	87|89	0.25
89|	84|	0.0833333333333
89|	81|89	1.0
89|	85|	0.186440677966
89|	90|89	0.5
89|	79|89	1.0
38|42	42|38.42	1.0
38|42	34|38	0.142857142857
38|42	37|38	0.428571428571
38|42	43|38.42	1.0
38|42	26|	1.0
38|42	44|38	0.142857142857
38|42	45|38	0.8
38|42	33|38	0.25
38|42	129|38.42	1.0
38|42	42|38	0.2
38|42	31|38	0.25
38|42	35|38	0.285714285714
48|	65|	0.0138888888889
48|	71|	0.015873015873
48|	44|48	0.2
48|	67|	1.0
48|	54|48	0.133333333333
48|	129|48	0.294117647059
48|	39|48	0.04
48|	37|48	1.0
48|	42|48	0.5
48|	60|48	0.0416666666667
48|	53|48	0.266666666667
48|	46|48	0.4
48|	57|48	0.2
48|	38|48	0.0277777777778
48|	45|48	0.0833333333333
48|	43|48	0.0833333333333
48|	62|	0.030303030303
48|	61|48	1.0
48|	52|48	0.0416666666667
48|	35|	0.015873015873
48|	47|48	0.416666666667
48|	50|48	0.208333333333
48|	56|48	0.125
48|	59|	0.0909090909091
48|	69|48	1.0
48|	51|48	0.0882352941176
48|	58|48	0.133333333333
48|	33|48	0.117647058824
48|	49|48	0.2
48|	55|48	0.125
48|	34|48	0.117647058824
48|	36|48	0.0294117647059
48|	41|48	0.363636363636
48|	40|	0.5
31|33.129	30|31	0.857142857143
31|33.129	28|31	0.142857142857
64|62.57	66|64.62.57	1.0
36|55	39|36	1.0
36|55	38|36	0.2
36|55	24|36	0.4
66|64.68	129|66	1.0
65|129.65.129.65	64|65	1.0
26|	30|26	0.111111111111
26|	23|	0.0555555555556
26|	45|26	0.142857142857
26|	44|26	1.0
26|	34|26	1.0
26|	43|26	1.0
26|	28|26	1.0
26|	129|26	0.333333333333
26|	33|26	1.0
26|	41|26	1.0
26|	38|26	0.428571428571
26|	29|	0.777777777778
26|	31|26	0.142857142857
26|	27|26	1.0
26|	48|	0.142857142857
45|52.45.49	62|45	0.5
45|52.45.49	50|45.52	0.5
65|60.57	69|65	1.0
58|67.58.129	68|58	1.0
129|46.129.43	48|129	1.0
129|46.129.43	51|129	1.0
129|74.62	72|129.74.62	1.0
49|55	53|49	0.25
49|55	52|49	1.0
49|55	129|49	0.25
49|55	63|49	0.5
64|50	60|64.50	1.0
30|31.29	129|30.31.29	1.0
46|63	54|46	0.5
46|63	55|46	0.5
46|63	62|46	1.0
46|63	129|46.63	0.666666666667
60|58.63	129|60	1.0
60|58.63	55|60	1.0
49|44	53|49	0.142857142857
49|44	41|49	0.333333333333
49|44	42|49	0.285714285714
49|44	50|49.44	1.0
49|44	56|49	0.285714285714
49|44	46|49	1.0
49|44	52|49	0.142857142857
52|57.52.129	49|52	1.0
55|60.59	53|55	1.0
53|58	56|53	1.0
53|58	58|53	1.0
53|58	59|53	1.0
53|58	129|53	1.0
53|58	49|53	0.333333333333
53|58	50|53	1.0
53|58	48|53	1.0
53|58	54|53.58	1.0
70|84	76|70	1.0
71|78	76|71	1.0
71|78	77|71	0.333333333333
71|78	75|71	0.333333333333
71|78	94|	0.333333333333
71|78	69|71.78	1.0
82|94	90|82	1.0
38|35	42|38	0.285714285714
38|35	40|38	0.5
38|35	36|38	0.166666666667
38|35	31|38	0.333333333333
38|35	37|38	0.333333333333
38|35	43|38.35	1.0
38|35	33|38	1.0
38|35	44|38	0.142857142857
38|35	48|38	0.166666666667
38|35	28|	0.166666666667
38|35	23|38	1.0
38|35	35|38	0.571428571429
71|83.80	80|71	0.461538461538
71|83.80	78|71	0.538461538462
67|69.71.72.69	79|67	1.0
38|53.39.38	39|38.53.39.38	0.25
71|129.76	72|71	1.0
70|66	72|70.66	1.0
70|66	66|70	0.25
70|66	69|70.66	1.0
70|66	68|70.66	1.0
30|33.35.33.30	40|30	1.0
44|42.37	42|44	1.0
26|30	27|26	1.0
61|59.61	62|61	0.5
61|59.61	64|61.59.61	1.0
61|59.61	59|61	0.5
61|59.61	129|61	0.5
36|58	40|36	0.333333333333
36|58	43|36.58	1.0
36|58	44|36	0.333333333333
79|77.76	80|79	0.0909090909091
79|77.76	81|79.77.76	1.0
79|77.76	77|79.77	0.454545454545
79|77.76	82|79	0.0909090909091
72|129.74	65|72	0.25
72|129.74	70|72	0.777777777778
72|129.74	129|72.129.74	0.75
36|129	39|36	0.333333333333
36|129	41|36	0.333333333333
36|129	129|36.129	1.0
36|129	48|36	0.333333333333
36|129	31|36	0.333333333333
44|37.46	33|44	1.0
44|43	46|44	0.5
44|43	51|44	0.5
44|43	40|44	0.125
44|43	49|44	0.375
44|43	43|44	0.210526315789
44|43	42|44	0.263157894737
44|43	37|44	0.0526315789474
44|43	41|44	1.0
44|43	35|44	0.0526315789474
44|43	38|44	0.421052631579
44|43	36|44	0.5
44|43	37|44.43	1.0
72|63	74|72	1.0
72|63	68|72	1.0
72|63	63|72	1.0
40|55	38|40	1.0
40|55	57|40	1.0
64|61.64	61|64.61	1.0
52|47	54|52.47	0.5
52|47	54|52	0.5
52|47	50|52	0.5
52|47	45|52	0.333333333333
52|47	56|52	1.0
52|47	55|52	0.25
52|47	49|52	0.25
52|47	62|52	1.0
52|47	47|52	1.0
52|47	40|52	0.5
52|47	55|52.47	0.25
42|33	37|42	1.0
49|53	53|49	0.5
49|53	41|49	1.0
49|53	51|49	1.0
49|53	40|49	0.5
49|53	129|49	0.333333333333
49|53	35|49	1.0
49|53	37|49	1.0
49|53	56|49	0.5
49|53	55|49	0.5
49|53	54|49	0.5
61|62.63	62|61	1.0
61|62.63	60|61.62	1.0
77|88	76|77.88	1.0
51|39.36	36|51	0.333333333333
51|39.36	39|51	0.666666666667
40|44	45|40	0.75
40|44	44|40	1.0
40|44	52|40	1.0
40|44	59|	0.5
76|74.83	71|76	1.0
64|60	69|64	0.5
64|60	57|64.60	1.0
64|60	56|64	1.0
64|60	48|64	0.0909090909091
64|60	41|64	0.333333333333
64|60	59|64	0.333333333333
64|60	66|64	0.5
64|60	50|64	0.0909090909091
64|60	67|64	0.5
64|60	65|64.60	0.153846153846
64|60	58|64	0.25
64|60	62|64	0.333333333333
64|60	60|64	0.692307692308
70|78	87|70	1.0
69|54	65|69	1.0
69|54	71|69.54	1.0
82|65	81|82	1.0
84|91	83|84	1.0
31|35	33|31	1.0
31|35	38|31	1.0
31|35	35|31	1.0
78|70	66|	1.0
38|43.37	43|38.43.37	1.0
48|58	46|48	1.0
48|58	58|48	1.0
74|81	69|74	1.0
74|81	73|74	0.75
74|81	79|74	1.0
74|81	72|74	0.25
57|59.55.57	61|57.59	0.6
57|59.55.57	60|57.59	0.4
58|29	57|58	1.0
57|62.69	62|57.62	1.0
60|70	67|60.70	1.0
60|70	72|60	1.0
60|70	62|60	1.0
89|88.89.91	88|89.88	1.0
69|70.76	76|69	1.0
87|99	88|87	0.333333333333
87|99	91|87	0.666666666667
76|69	75|76	0.2
76|69	78|76	1.0
76|69	74|76.69	0.6
76|69	66|76	0.5
76|69	69|76	1.0
76|69	67|76	0.5
76|69	85|76	1.0
83|80.76	88|83	0.5
83|80.76	81|83.80	0.5
33|31.28	43|33	0.142857142857
33|31.28	31|33	0.857142857143
60|62.58	58|60.62.58	0.5
53|52.53	52|53	0.5
53|52.53	65|53	0.5
53|52.53	55|53	1.0
63|65.68	67|63	1.0
45|	54|45	0.0384615384615
45|	44|45	0.25
45|	33|45	0.030303030303
45|	31|	0.030303030303
45|	51|	0.142857142857
45|	29|45	0.333333333333
45|	39|45	0.030303030303
45|	47|45	0.6
45|	24|45	1.0
45|	53|45	0.0666666666667
45|	62|45	0.1
45|	42|45	0.0588235294118
45|	64|	0.030303030303
45|	48|45	0.0606060606061
45|	50|45	0.133333333333
45|	34|	0.166666666667
45|	61|45	0.222222222222
45|	40|45	0.242424242424
45|	69|45	1.0
45|	37|45	0.142857142857
45|	55|45	0.0666666666667
45|	38|45	0.117647058824
45|	52|45	0.0740740740741
45|	43|45	0.133333333333
45|	66|45	0.5
45|	35|45	0.16
45|	129|45	0.30303030303
45|	49|45	0.151515151515
45|	57|45	0.176470588235
45|	46|45	1.0
45|	41|45	0.111111111111
45|	36|45	0.0333333333333
59|57.60	61|59	1.0
59|57.60	55|59	1.0
64|52.57	52|64	1.0
84|77	87|	1.0
84|77	80|84	1.0
47|44	50|47	0.5
47|44	52|47	0.5
47|44	32|47	1.0
47|44	44|47.44	1.0
47|44	45|47	1.0
49|47	52|49	0.25
49|47	42|49	0.285714285714
49|47	50|49	0.4
49|47	37|49	1.0
49|47	54|49.47	1.0
49|47	45|49	0.2
49|47	42|49.47	1.0
49|47	47|49	0.2
129|41.129.41.129.34.129.29	38|129	1.0
61|59.129	59|61	1.0
77|72.71	68|77	1.0
57|54.56	61|57	1.0
55|53.51.48	57|55	1.0
75|129	74|75	1.0
50|57	129|50	0.428571428571
50|57	59|50	0.142857142857
50|57	52|50	0.333333333333
50|57	60|50	0.428571428571
50|57	61|50	0.333333333333
50|57	55|50	1.0
50|57	57|50	0.333333333333
63|58.60	62|63.58	1.0
61|59	63|61.59	1.0
61|59	54|61	0.272727272727
61|59	64|61	0.5
61|59	55|61	1.0
61|59	57|61.59	0.2
61|59	52|61	0.5
61|59	63|61	0.2
61|59	129|61	0.166666666667
61|59	62|61	0.666666666667
61|59	58|61	0.4
61|59	49|61	0.5
61|59	57|61	0.4
61|59	62|61.59	0.4
61|59	65|61	0.333333333333
61|59	59|61	0.333333333333
46|50.46	45|46	1.0
73|70	67|73	0.166666666667
73|70	70|73.70	1.0
73|70	78|73.70	1.0
73|70	64|73.70	1.0
73|70	75|73	0.166666666667
73|70	76|73	0.333333333333
41|58	29|41	1.0
72|60	69|72	0.666666666667
72|60	64|72	1.0
72|60	70|72	0.333333333333
72|60	58|72	0.2
72|60	60|72	0.2
72|60	70|72.60	1.0
72|60	63|72	1.0
50|45.129.45	129|50.45.129.45	1.0
35|33.49	30|35	1.0
37|22	39|37	1.0
129|79	77|129	0.5
129|79	79|129	0.333333333333
129|79	76|129	0.5
129|79	83|129.79	1.0
129|79	78|129	0.4
129|79	80|129	1.0
129|79	74|129.79	1.0
129|79	61|129	1.0
129|79	81|129.79	1.0
129|79	84|129	1.0
129|79	86|129	0.2
129|79	67|129	0.166666666667
50|51.43	51|50.51	1.0
42|49.41	49|42	0.25
42|49.41	45|42	0.625
42|49.41	38|42	0.125
70|73	63|70	1.0
70|73	76|70	0.25
70|73	68|70.73	1.0
70|73	68|70	0.5
70|73	66|70	0.5
70|73	67|70	0.5
70|73	73|70	0.75
70|73	72|70	0.5
70|73	129|70	1.0
64|59	71|64.59	1.0
64|59	74|64	1.0
64|59	68|64	0.25
64|59	69|64.59	1.0
64|59	56|64	1.0
64|59	63|64	1.0
64|59	59|64	1.0
64|59	62|64.59	1.0
64|59	66|64	1.0
41|49	49|41	1.0
41|49	44|41	1.0
41|49	61|41	1.0
71|129.73	69|71	1.0
51|33	41|	0.142857142857
51|33	49|51	0.0714285714286
51|33	37|51	0.428571428571
51|33	42|51	0.0714285714286
51|33	33|	0.142857142857
51|33	129|51.33	1.0
51|33	40|51	0.0714285714286
129|46.129.42.129.43	46|129	1.0
62|66	67|62	0.111111111111
62|66	66|62	0.666666666667
62|66	69|62	1.0
62|66	129|62	0.0434782608696
62|66	60|62	1.0
62|66	59|62	0.166666666667
62|66	65|62.66	1.0
62|66	63|62	0.5
62|66	64|62.66	0.111111111111
62|66	64|62	1.0
62|66	57|62	0.111111111111
76|74.69	69|76	1.0
73|72.73	70|73	0.666666666667
73|72.73	75|73	0.333333333333
36|48	34|36	0.5
36|48	39|36	1.0
36|48	43|36	0.379310344828
36|48	31|36	1.0
36|48	41|36	1.0
36|48	48|36	0.620689655172
36|48	44|36	0.5
36|48	24|36	0.5
36|48	45|36	0.5
63|65.67.68	67|63	0.466666666667
63|65.67.68	65|63.65	0.533333333333
51|32	56|51	1.0
37|51.37.51.41	43|37	1.0
64|61.57	59|64	0.2
64|61.57	57|64	0.2
64|61.57	62|64	1.0
64|61.57	61|64.61	0.6
129|46.129.46.129.46.129.46.129.53	51|129	1.0
43|34	41|43	1.0
71|	70|71	0.1
71|	68|71	0.0909090909091
71|	74|71	0.25
71|	87|71	1.0
71|	88|71	0.125
71|	78|71	0.197368421053
71|	82|71	1.0
71|	73|71	0.046511627907
71|	69|71	0.35
71|	92|	0.0131578947368
71|	66|71	0.5
71|	94|	0.0131578947368
71|	77|71	0.0131578947368
71|	51|	1.0
71|	72|71	1.0
71|	84|71	1.0
71|	67|71	0.1
71|	76|71	0.486486486486
71|	80|71	0.125
71|	83|71	0.0909090909091
71|	63|71	1.0
71|	62|71	0.05
71|	64|71	0.45
71|	129|71	0.1
71|	60|71	1.0
71|	59|71	0.142857142857
71|	75|71	0.162162162162
71|	61|	0.027027027027
71|	90|71	1.0
71|	65|71	0.181818181818
71|	79|71	0.027027027027
69|42.69.73	73|69.42.69.73	1.0
56|67	64|56	1.0
46|47	40|46	0.5
46|47	36|46	0.5
46|47	55|46	0.5
46|47	34|46	0.666666666667
46|47	48|46	0.5
46|47	129|46	0.333333333333
66|129.69	67|66	1.0
95|100	92|95	1.0
58|56.51	55|58	1.0
59|58.61	58|59.58	0.333333333333
59|58.61	54|59	0.666666666667
57|61.64	61|57.61	1.0
57|61.64	59|57.61.64	1.0
49|41	36|49	0.0769230769231
49|41	37|49	1.0
49|41	46|49	0.307692307692
49|41	42|49.41	0.125
82|79.76	69|82	1.0
68|59	71|68	1.0
68|59	59|68	1.0
65|129	69|65	0.5
65|129	64|65	0.666666666667
65|129	70|65	1.0
65|129	72|65	0.333333333333
65|129	66|65	1.0
65|129	67|65	0.166666666667
65|129	63|65.129	1.0
65|129	129|65.129	1.0
65|129	61|65	0.666666666667
65|129	63|65	0.75
65|129	68|65	0.333333333333
35|34	42|35	0.142857142857
35|34	40|35	0.285714285714
35|34	37|35	0.285714285714
35|34	129|35	0.142857142857
35|34	36|35	0.142857142857
35|34	33|35.34	0.5
35|34	38|35	0.25
35|34	43|35	1.0
35|34	23|	0.333333333333
35|34	47|35	0.25
35|34	33|35	0.333333333333
69|129.86	74|69.129	1.0
46|58	129|46	1.0
46|58	53|46	0.666666666667
46|58	51|46	1.0
46|58	34|46.58	1.0
46|58	48|46	1.0
56|59.56	59|56	1.0
43|44.39	45|43.44	0.5
43|44.39	37|43	0.5
66|69.67	69|66.69	1.0
85|69	90|85	1.0
28|33	30|28	0.222222222222
28|33	29|28	1.0
28|33	129|28	0.333333333333
28|33	45|28	0.111111111111
28|33	35|28	0.333333333333
89|86.89.88	88|89.86	1.0
94|	93|	0.5
94|	95|94	1.0
94|	89|94	1.0
94|	70|94	1.0
94|	82|94	1.0
129|42	57|129	0.0113636363636
129|42	44|129	1.0
129|42	46|129	0.444444444444
129|42	49|129.42	1.0
129|42	50|129.42	1.0
129|42	43|129	0.00996677740864
129|42	35|129	0.00454545454545
129|42	40|129	0.690909090909
129|42	42|129.42	1.0
129|42	49|129	0.0740740740741
79|73	81|79	0.5
79|73	80|79	0.5
31|33	33|31	0.333333333333
31|33	30|31	0.5
31|33	44|31	0.5
31|33	36|31	0.666666666667
31|33	28|31	0.0666666666667
31|33	37|	0.5
31|33	33|31.33	1.0
31|33	29|31	1.0
31|33	26|31	0.5
129|70.69.129.67	72|129.70	1.0
57|	84|57	1.0
57|	56|57	0.333333333333
57|	71|	0.0769230769231
57|	43|57	0.0416666666667
57|	38|	0.0416666666667
57|	129|57	0.0909090909091
57|	62|57	0.0769230769231
57|	52|57	0.166666666667
57|	81|57	1.0
57|	35|57	0.6
57|	66|57	0.0833333333333
57|	55|57	0.5
57|	63|57	0.047619047619
57|	51|57	0.0588235294118
57|	40|57	0.0769230769231
57|	76|	0.0769230769231
57|	67|57	0.0769230769231
57|	54|57	0.166666666667
57|	45|57	0.4
57|	59|57	0.0833333333333
57|	60|57	0.454545454545
57|	50|57	0.0625
57|	48|57	0.142857142857
57|	69|57	0.5
57|	41|57	0.0833333333333
57|	64|57	0.333333333333
57|	58|57	0.333333333333
57|	61|57	0.112359550562
57|	49|57	0.125
57|	46|	0.05
57|	42|57	0.0588235294118
57|	65|57	0.0666666666667
57|	53|57	0.428571428571
57|	47|57	0.0555555555556
81|77	77|81.77	0.857142857143
81|77	80|81	0.210526315789
81|77	69|81	0.0714285714286
81|77	84|81	0.0714285714286
81|77	79|81.77	1.0
81|77	76|81.77	1.0
81|77	83|81	0.0526315789474
81|77	74|81	0.0526315789474
81|77	67|81	0.157894736842
35|33.35	38|35	0.0714285714286
35|33.35	33|35.33.35	0.666666666667
44|129.44.129.44.129.53	129|44.129.44.129.44.129.53	1.0
39|35	44|39.35	1.0
39|35	38|39.35	1.0
39|35	31|39	1.0
92|95	88|92	1.0
37|	52|	0.0185185185185
37|	40|37	0.190476190476
37|	49|37	0.0102040816327
37|	51|37	0.459183673469
37|	22|	0.0555555555556
37|	32|37	1.0
37|	39|37	0.0952380952381
37|	41|37	0.380952380952
37|	36|37	0.0952380952381
37|	47|	0.0142857142857
37|	57|	0.666666666667
37|	45|	0.0204081632653
37|	31|37	1.0
37|	38|37	0.047619047619
37|	28|37	1.0
37|	35|37	0.15625
37|	25|	0.0588235294118
37|	42|37	0.047619047619
37|	30|37	0.2
37|	34|37	0.117647058824
37|	43|37	0.0952380952381
37|	129|37	0.047619047619
37|	48|37	0.117647058824
37|	44|37	0.03125
37|	33|37	0.03125
129|57.53	57|129.57	1.0
72|129.72	69|72	1.0
72|129.72	73|72	1.0
72|129.72	70|72	0.5
72|129.72	74|72	0.5
66|69	70|66	0.5
66|69	64|66	0.25
66|69	129|66	1.0
66|69	63|66	0.5
66|69	68|66.69	0.25
66|69	67|66.69	1.0
66|69	69|66.69	0.222222222222
66|69	73|66	0.125
66|69	69|66	1.0
66|69	71|66	0.333333333333
66|69	62|66.69	0.777777777778
66|69	60|66	0.166666666667
66|69	78|	0.125
66|69	72|66	1.0
66|69	65|66	1.0
53|64	55|53.64	1.0
65|66	53|65	1.0
65|66	64|65	0.25
65|66	72|65	0.5
65|66	66|65	1.0
65|66	62|65	0.25
65|66	67|65	0.5
65|66	55|65	1.0
65|66	59|65	0.25
65|66	63|65	0.5
65|66	58|65.66	1.0
129|70	74|129.70	0.625
129|70	73|129	0.5
129|70	69|129.70	0.375
129|70	60|129	0.0526315789474
129|70	72|129	0.315789473684
129|70	65|129	0.5
129|70	67|129.70	0.202702702703
129|70	70|129	0.5
129|70	75|129	0.105263157895
129|70	56|129	1.0
129|70	79|129	0.25
129|70	72|129.70	0.25
129|70	62|129	1.0
129|70	70|129.70	0.25
129|70	64|129	1.0
129|70	67|129	0.5
129|70	71|129	1.0
83|84.79	84|83	1.0
35|49	40|35.49	1.0
35|49	43|35	0.0121951219512
35|49	53|35	0.439024390244
35|49	46|35	0.463414634146
49|129.46	129|49.129.46	1.0
32|30.129	37|32.30.129	1.0
32|30.129	30|32.30	0.4
74|63	65|74	1.0
83|129.79	129|83	1.0
48|38	41|48	1.0
49|129.45	129|49.129.45	1.0
129|41.129.34	45|129	0.5
129|41.129.34	41|129.41.129	0.5
129|41.129.34	41|129.41	1.0
64|76	68|64	1.0
51|129.51.129.51.129.49	129|51.129.51.129.51.129.49	0.25
58|60.62.65	63|58.60	1.0
93|88	97|	0.8
93|88	100|93	0.2
53|61	55|53.61	0.5
70|72.74	74|70	0.133333333333
70|72.74	72|70.72.74	0.25
70|72.74	64|70	1.0
70|72.74	65|70	0.545454545455
70|72.74	68|70.72.74	0.5
70|72.74	72|70.72	0.2
70|72.74	129|70.72	0.181818181818
70|72.74	69|70.72.74	0.25
70|72.74	62|70	1.0
82|86	75|	1.0
82|86	81|82	1.0
82|86	77|82	1.0
42|41	35|42	1.0
42|41	43|42	1.0
42|41	45|42	0.25
42|41	44|42	0.5
42|41	43|42.41	1.0
42|41	47|42	0.5
42|41	38|42	0.375
42|41	40|42	1.0
66|69.68	62|66.69	1.0
66|69.68	68|66.69	1.0
71|69.67	67|71	0.2
71|69.67	62|71	0.266666666667
71|69.67	72|71.69.67	0.25
89|77	88|89.77	1.0
68|67.64	65|68	1.0
57|60.57	60|57	0.333333333333
57|60.57	63|57	0.666666666667
24|41	43|24	1.0
81|129.81	83|81	0.25
81|129.81	129|81.129.81	0.75
71|87	75|71	1.0
72|68.72.70.72.74	75|72	1.0
129|63	60|129	0.75
129|63	56|129	0.5
129|63	61|129	0.515151515152
129|63	62|129	0.25
129|63	66|129.63	1.0
129|63	63|129	1.0
129|63	53|129	1.0
129|63	72|129	1.0
129|63	58|129	1.0
129|63	65|129	0.0606060606061
129|63	71|129	0.2
129|63	63|129.63	1.0
129|63	70|129	1.0
61|57.59	59|61	1.0
70|68.67	73|70	0.5
70|68.67	72|70	0.5
38|40	129|38	0.125
38|40	41|38	0.285714285714
38|40	39|38	0.125
38|40	37|38	1.0
38|40	36|38	0.25
38|40	43|38	1.0
38|40	46|38	0.375
38|40	45|38	0.125
38|40	33|38	0.5
38|40	47|38	0.333333333333
38|40	42|38	0.285714285714
38|40	50|38	0.666666666667
38|40	40|38	1.0
85|79	82|85	1.0
55|56.59	53|55	1.0
44|129.38	129|44.129.38	1.0
72|76.77.74	71|72.76	1.0
67|129.69.129.70	69|67.129	1.0
64|63.67	67|64	0.5
64|63.67	60|64	0.5
57|55.60	52|57	1.0
73|75.66	66|73	1.0
129|66.129.81	67|129.66.129.81	1.0
89|91	93|	0.615384615385
89|91	88|89.91	0.384615384615
89|91	87|89	1.0
70|72.74.76	69|70.72.74.76	1.0
70|72.74.76	72|70.72	0.2
67|68.67.74	72|67	1.0
62|57.65	64|62.57	1.0
34|46.58	51|34	1.0
35|47	33|35.47	1.0
35|47	38|35	1.0
35|47	47|35	0.666666666667
51|65	57|51	1.0
44|36	46|44	0.2
44|36	38|44.36	1.0
44|36	36|44	0.2
44|36	24|44	1.0
44|36	39|44.36	1.0
70|69.70.69	72|70.69.70.69	1.0
48|47.45	43|48	0.2
48|47.45	50|48	0.8
74|77.78	70|74.77	1.0
41|46.51	46|41.46.51	1.0
49|40	53|49	0.0434782608696
49|40	44|49	1.0
49|40	35|49.40	0.666666666667
49|40	40|49	0.304347826087
49|40	57|49	0.130434782609
49|40	46|49	0.130434782609
49|40	47|49	1.0
52|62	51|52	1.0
52|62	45|52	0.5
52|62	59|52	1.0
52|62	40|52	0.5
70|56	75|70	1.0
74|71.129	72|74.71	1.0
70|129.70	74|70	1.0
70|129.70	129|70.129.70	1.0
67|61	63|67	0.666666666667
67|61	61|67	1.0
67|61	64|67	1.0
67|61	68|67	1.0
67|61	69|67	1.0
49|54.58	54|49.54	1.0
70|68.77	67|70	1.0
129|86	57|129	0.0909090909091
129|86	79|129	0.333333333333
129|86	84|129	0.5
129|86	88|129	0.333333333333
129|86	74|129	0.272727272727
129|86	69|129	0.3
129|86	83|129	0.3
129|86	85|	0.1
129|86	86|129	1.0
129|86	72|129	0.333333333333
129|86	69|129.86	1.0
129|86	90|	0.3
78|85	77|78	1.0
69|67	60|69	0.142857142857
69|67	129|69.67	0.25
69|67	67|69.67	0.142857142857
69|67	67|69	0.333333333333
69|67	66|69.67	1.0
69|67	63|69	0.333333333333
69|67	65|69.67	1.0
69|67	73|69	0.333333333333
69|67	70|69	0.571428571429
69|67	66|69	0.25
69|67	62|69	0.285714285714
69|67	65|69	0.5
69|67	70|69.67	0.714285714286
69|67	71|69.67	0.722222222222
69|67	79|69	0.25
69|67	61|69	0.25
69|67	68|69	0.25
69|67	74|69	0.25
69|67	72|69.67	0.25
69|67	64|69	0.217391304348
69|67	71|69	1.0
73|71.83	81|73	0.5
73|71.83	75|73	0.5
58|59.58	59|58	0.666666666667
58|59.58	55|58	0.333333333333
36|46	37|36	1.0
36|46	48|36	0.5
36|46	46|36	0.5
36|46	49|36.46	1.0
129|33.32	33|129.33.32	1.0
69|66	57|69	0.0666666666667
69|66	72|69	0.5
69|66	129|69.66	0.25
69|66	67|69	1.0
69|66	66|69	0.466666666667
69|66	67|69.66	0.466666666667
69|66	62|69	0.25
69|66	65|69	1.0
69|66	68|69	0.285714285714
69|66	74|69	0.25
69|66	64|69	0.428571428571
69|66	75|69	0.333333333333
69|66	71|69	0.666666666667
69|66	71|69.66	0.142857142857
63|64	62|63	1.0
63|64	60|63	0.166666666667
63|64	61|63	0.75
63|64	59|63	0.25
63|64	66|63	1.0
63|64	70|63	0.5
63|64	67|63	0.285714285714
63|64	65|63	0.2
63|64	64|63	0.333333333333
63|64	56|63	0.25
64|62.66	66|64.62	1.0
79|76.77	77|79.76	0.588235294118
79|76.77	84|79	0.117647058824
79|76.77	74|79	0.0588235294118
79|76.77	78|79.76	0.235294117647
73|69.42.69.73	69|73	1.0
62|64.62	67|62	1.0
62|64.62	66|62	1.0
62|64.62	129|62	1.0
62|64.62	60|62	1.0
62|64.62	66|62.64	0.5
62|64.62	61|62.64	0.5
49|129.44	129|49.129.44	1.0
62|74	67|62	0.333333333333
62|74	69|62	1.0
62|74	60|62	0.666666666667
62|74	72|62	1.0
43|37	37|43	1.0
43|37	38|43.37	1.0
43|37	38|43	1.0
43|37	49|43	1.0
62|64.66	64|62.64.66	0.2
62|64.66	61|62.64	0.166666666667
70|65.72	64|70	1.0
75|77	70|75	0.5
75|77	67|75	1.0
75|77	129|75	0.25
75|77	76|75	0.133333333333
75|77	77|75	0.2
75|77	74|75	1.0
75|77	74|75.77	0.75
75|77	72|75	1.0
75|77	79|75	1.0
75|77	73|75	0.333333333333
44|39.35	53|44	1.0
70|72.81	71|70	1.0
59|52	47|59	0.6
59|52	52|59	0.888888888889
59|52	68|59	0.2
59|52	61|59	0.5
59|52	60|59	0.111111111111
59|52	51|59	0.2
59|52	45|	1.0
59|52	54|59	1.0
43|38.36	42|43	1.0
50|48.46.44	51|50.48.46.44	0.5
129|44.129.38	46|129	1.0
57|62.57.60	60|57.62	1.0
86|87	85|86	0.333333333333
86|87	84|86	0.7
86|87	78|	0.333333333333
86|87	91|	0.3
61|45	52|61	1.0
89|88.86	93|	0.307692307692
89|88.86	129|89	0.0769230769231
89|88.86	91|89	0.0769230769231
89|88.86	86|89.88	0.230769230769
89|88.86	83|89	0.307692307692
129|39	41|129	0.0714285714286
129|39	39|129.39	1.0
129|39	36|129	1.0
129|39	38|129.39	1.0
129|39	34|129	0.285714285714
129|39	46|129	0.0714285714286
129|39	36|129.39	1.0
44|129.49.129.44	129|44.129.49.129.44	1.0
129|72.69	70|129.72	1.0
42|36.42.57	36|42.36.42.57	0.666666666667
129|35	57|129	0.119402985075
129|35	33|129.35	1.0
129|35	40|129.35	0.666666666667
129|35	45|129	0.333333333333
129|35	59|129	0.0298507462687
129|35	36|129	1.0
129|35	35|129.35	0.833333333333
129|35	48|129	0.0149253731343
129|35	37|129	0.166666666667
129|35	49|129	1.0
129|35	50|129	0.089552238806
129|35	36|129.35	1.0
129|35	47|129	0.0149253731343
36|40	37|36	0.5
36|40	38|36	0.5
36|40	35|36	1.0
36|40	46|36	1.0
31|47	50|31	1.0
39|38.43	59|	1.0
29|41	28|29	1.0
29|41	41|29	0.333333333333
29|41	43|29	0.333333333333
29|41	38|29	0.0833333333333
29|41	34|29	1.0
29|41	30|29	0.333333333333
29|41	44|29	0.933333333333
29|41	45|29	0.416666666667
82|78	90|82	0.25
82|78	88|82	0.25
82|78	85|82	0.25
82|78	70|82	0.25
129|74.129.75	72|129.74.129.75	1.0
62|59.57	60|62	0.666666666667
62|59.57	61|62.59	0.333333333333
23|38	41|23	1.0
81|77.74	67|81	0.6
81|77.74	79|81.77	0.2
81|77.74	83|81	0.2
54|52.54	50|54	1.0
54|52.54	45|54	0.0841121495327
54|52.54	55|54	0.0654205607477
73|71.64	75|73	1.0
62|129.61	61|62.129	1.0
71|65	74|71	1.0
71|65	67|71	0.333333333333
71|65	65|71	0.666666666667
28|30	33|28	1.0
48|34	49|48	1.0
40|21	45|40	1.0
65|61.58	66|65.61.58	1.0
65|61.58	63|65.61.58	1.0
40|57	44|40	1.0
40|57	129|40.57	1.0
40|57	37|40	1.0
40|57	35|40.57	1.0
62|61.56	64|62.61	1.0
83|81.93	88|83	1.0
68|62	62|68	1.0
68|62	65|68	1.0
68|62	64|68	1.0
85|88	81|85	1.0
76|74.79	74|76.74.79	1.0
76|74.79	78|76.74	0.5
76|74.79	77|76	1.0
81|77.72	77|81.77	0.333333333333
81|77.72	80|81	0.333333333333
81|77.72	69|81	0.5
81|77.72	74|81	0.166666666667
81|77.72	84|81	0.5
66|64.72	63|66	1.0
58|65.66	60|58.65	1.0
88|98	93|88	0.5
88|98	80|88	0.5
73|71.69	74|73	1.0
50|52	49|50.52	0.0909090909091
50|52	46|50	0.25
50|52	43|50.52	1.0
50|52	48|50.52	0.454545454545
50|52	60|50	1.0
50|52	48|50	0.5
50|52	62|50	0.0526315789474
50|52	55|50	0.105263157895
50|52	54|50	0.166666666667
50|52	57|50	0.166666666667
50|52	33|	0.5
50|52	49|50	0.666666666667
50|52	47|50	0.166666666667
50|52	52|50.52	0.454545454545
50|52	45|50	0.5
90|64	89|90	1.0
40|42	47|40	0.166666666667
40|42	57|40	0.5
40|42	32|40.42	1.0
40|42	42|40.42	1.0
40|42	36|40	0.2
40|42	37|40	0.8
40|42	52|40	1.0
40|42	43|40	0.166666666667
40|42	35|40	0.5
40|42	38|40	0.333333333333
40|42	39|40	1.0
40|42	33|40	1.0
40|42	64|	1.0
55|59	40|55	0.166666666667
55|59	50|55	0.5
55|59	53|55	0.5
55|59	56|55	1.0
55|59	57|55	0.666666666667
55|59	52|55.59	1.0
55|59	60|55.59	0.333333333333
55|59	59|55	0.833333333333
67|69.72	129|67.69	1.0
67|69.72	69|67.69	1.0
40|24	41|40	1.0
65|68.65.63	61|65	1.0
46|51.34	51|46	1.0
27|	34|	0.285714285714
27|	52|27	1.0
27|	39|27	1.0
27|	129|27	1.0
27|	29|27	1.0
27|	44|27	1.0
27|	26|27	1.0
27|	46|27	1.0
27|	41|	1.0
28|43	30|28.43	1.0
40|129.40	129|40.129.40	0.173913043478
76|79	77|76.79	0.588235294118
76|79	75|76	1.0
76|79	66|76	0.166666666667
76|79	72|76.79	1.0
76|79	79|76.79	0.4
76|79	79|76	1.0
76|79	73|76	1.0
76|79	78|76	1.0
76|79	71|76	0.833333333333
76|79	70|76	0.0588235294118
76|79	74|76.79	1.0
69|48	47|69	1.0
67|66.67.71	72|67.66	1.0
64|72	73|64	0.25
64|72	70|64	0.125
64|72	72|64	0.625
64|72	66|64.72	1.0
61|64.61	59|61.64.61	1.0
61|64.61	64|61.64	0.3
61|64.61	68|61	0.7
38|44	39|38	0.68
38|44	37|38	1.0
38|44	36|38	0.08
38|44	44|38	0.04
38|44	46|38	0.2
38|44	42|38	1.0
38|44	40|38	1.0
59|62.60	55|59	1.0
35|38	31|35	0.666666666667
35|38	36|35	0.111111111111
35|38	37|35	0.4
35|38	34|35	0.1
35|38	43|35	1.0
35|38	38|35	0.888888888889
35|38	33|35.38	0.5
42|49.36	45|42.49.36	1.0
42|49.36	38|42	0.166666666667
42|49.36	46|42	0.5
129|33	57|129	0.0322580645161
129|33	31|129	0.129032258065
129|33	43|129	0.0322580645161
129|33	28|129	0.161290322581
129|33	29|129	0.2
129|33	41|129.33	1.0
129|33	40|129	0.2
129|33	34|129	0.4
129|33	35|129	1.0
129|33	33|129	1.0
129|33	38|129	0.875
64|71	71|64	0.888888888889
64|71	129|64	0.5
64|71	66|64	1.0
64|71	68|64	0.5
64|71	62|64.71	1.0
64|71	59|64.71	1.0
64|71	63|64	1.0
64|71	61|64	0.111111111111
38|33	52|38	1.0
38|33	129|38	0.2
38|33	37|38	0.166666666667
38|33	36|38	0.25
38|33	26|	0.5
38|33	31|38	0.166666666667
38|33	43|38	0.4
38|33	45|38	0.2
38|33	42|38	0.2
38|33	44|38	0.666666666667
38|33	30|	0.5
38|33	35|38	0.166666666667
38|33	40|38	1.0
38|44.36	36|38	1.0
129|69.74	69|129.69	1.0
76|90	91|76	1.0
69|129.67.65	129|69.129.67	1.0
76|67	75|76	1.0
76|67	74|76	0.5
76|67	79|76.67	1.0
76|67	72|76	1.0
76|67	67|76	0.5
71|129.72	69|71.129	1.0
74|79.129	72|74.79	1.0
40|45.50	50|40.45.50	1.0
64|65.59	129|64	1.0
46|35	129|46	1.0
58|56.57	53|58	1.0
76|77.76.77	74|76.77	1.0
63|60.65.63	65|63	1.0
56|63	60|56	0.166666666667
56|63	57|56	1.0
56|63	61|56	1.0
56|63	59|56	0.5
56|63	55|56	0.166666666667
56|63	54|56	0.0555555555556
56|63	66|56	1.0
56|63	129|56	0.0555555555556
56|63	63|56	0.666666666667
60|58.55	55|60	0.666666666667
60|58.55	58|60.58	0.333333333333
60|61.58	129|60	1.0
60|61.58	59|60.61	1.0
66|64.67	62|66	1.0
129|65.129.65	65|129.65.129.65	1.0
129|65.129.65	64|129	1.0
129|41.129.41.129.43	43|129	1.0
52|66	68|	1.0
57|52	56|57	0.5
57|52	59|57	0.25
57|52	50|57	1.0
57|52	55|57.52	1.0
57|52	45|57	0.5
57|52	61|57.52	1.0
57|52	61|57	0.583333333333
57|52	49|57	0.333333333333
57|52	52|57.52	1.0
57|52	40|57	1.0
57|52	54|57	1.0
57|52	53|57	0.5
57|52	47|57	0.75
60|59.58	55|60.59	1.0
60|62.65	58|60.62.65	1.0
72|129.71	75|72	1.0
59|54	57|59	0.333333333333
59|54	57|59.54	0.333333333333
59|54	58|59	0.4
59|54	52|59	0.5
59|54	61|59	0.333333333333
59|54	53|59	0.333333333333
59|54	60|59	0.666666666667
59|54	42|59	0.666666666667
59|54	47|59.54	1.0
59|54	56|59	1.0
53|55.57.55	55|53.55	1.0
88|84	86|88	0.888888888889
88|84	76|88	0.111111111111
56|49	49|56	0.5
56|49	61|56	0.5
56|49	53|56	1.0
56|49	63|56	1.0
50|60	53|50	1.0
50|60	48|50	1.0
50|60	62|50	1.0
50|60	54|50	1.0
50|60	52|50.60	1.0
60|48	41|	0.222222222222
60|48	48|60	0.777777777778
60|48	58|60	1.0
60|48	58|60.48	1.0
60|48	64|60	1.0
60|48	63|60	1.0
60|48	43|60	1.0
67|66.55	65|67	1.0
129|43.38	36|129.43	1.0
63|59	61|63	0.5
63|59	59|63	1.0
63|59	58|63	1.0
63|59	71|63	1.0
63|59	67|63	1.0
63|59	57|63	0.5
65|79	71|65	1.0
62|64.57	129|62	1.0
82|129	84|82	0.333333333333
82|129	81|82	0.333333333333
82|129	129|82	0.333333333333
44|129.44.129.53	129|44.129.44.129.53	0.166666666667
70|79	68|70.79	1.0
70|79	76|70	1.0
70|79	79|70	0.333333333333
70|79	72|70	0.333333333333
70|79	82|70	0.333333333333
43|39	39|43	0.5
43|39	129|43	0.5
43|39	41|43	0.166666666667
43|39	48|43	0.25
43|39	44|43.39	0.166666666667
43|39	31|43	0.5
43|39	29|	0.166666666667
49|50.45	50|49	1.0
76|84	77|76	1.0
76|84	79|76.84	1.0
46|55	55|46	0.5
46|55	52|46	1.0
46|55	59|46	0.5
65|69.70.65.69.70.65	62|65	1.0
50|45.44	52|50	1.0
74|80	71|74	1.0
74|80	78|74	0.0833333333333
74|80	80|74	0.833333333333
74|80	76|74	0.0833333333333
33|32	38|33	1.0
33|32	37|33	1.0
33|32	129|33.32	1.0
33|32	35|33.32	0.333333333333
68|66.64	61|68	1.0
80|79	82|80	1.0
80|79	81|80	1.0
80|79	68|80	0.166666666667
80|79	79|80	1.0
80|79	78|80	1.0
80|79	84|80	0.333333333333
80|79	77|80	0.166666666667
35|37	45|35	1.0
35|37	33|35.37	1.0
35|37	28|35.37	1.0
35|37	36|35	0.6
35|37	37|35	0.545454545455
35|37	47|35	1.0
35|37	33|35	0.6
68|70.79	69|68	1.0
53|44.59	38|53	1.0
34|40	37|34.40	1.0
34|40	36|34	0.142857142857
34|40	46|34	0.142857142857
34|40	129|34.40	1.0
34|40	41|34	0.428571428571
54|57.61	61|54	1.0
54|52	50|54	0.111111111111
54|52	52|54	0.333333333333
54|52	55|54	0.333333333333
54|52	66|54	0.384615384615
54|52	47|54	0.111111111111
54|52	57|54	0.307692307692
54|52	56|54	1.0
54|52	61|54	0.0769230769231
54|52	58|54	1.0
54|52	40|	0.230769230769
54|52	49|54	1.0
58|68	68|58	1.0
72|74.72.74	76|72	0.166666666667
72|74.72.74	74|72.74.72	0.666666666667
72|74.72.74	59|	0.166666666667
76|129.76	74|76	1.0
64|59.64	71|64.59	1.0
55|34	54|55	1.0
49|52	52|49	1.0
49|52	45|49.52	0.4
49|52	57|49	0.166666666667
49|52	45|49	0.5
49|52	46|49	0.5
49|52	54|49	0.4
45|49.52	47|45	1.0
42|45	41|42	0.166666666667
42|45	40|42	1.0
42|45	43|42	0.5
42|45	49|42	0.5
42|45	36|42	1.0
42|45	44|42	0.166666666667
42|45	45|42.45	1.0
42|45	47|42	1.0
42|45	38|42	1.0
42|45	35|42	1.0
48|129.48	129|48.129.48	1.0
61|62.57	62|61	1.0
40|33	45|40	0.0666666666667
40|33	35|40.33	1.0
40|33	129|40	0.75
40|33	43|40	1.0
40|33	41|40	0.25
40|33	28|	1.0
40|33	38|40	1.0
40|33	47|40	1.0
40|33	33|40	0.685714285714
59|60	62|59.60	1.0
59|60	57|59	1.0
59|60	63|59	0.25
59|60	55|59	0.5
59|60	58|59	1.0
59|60	62|59	0.25
59|60	60|59.60	0.5
59|60	66|59	0.5
59|60	57|59.60	0.5
59|60	65|59	1.0
73|66.75	69|73	1.0
72|74.72	70|72.74.72	1.0
72|74.72	71|72	1.0
72|74.72	59|	0.0833333333333
72|74.72	69|72.74	0.25
72|74.72	76|72	0.0833333333333
72|74.72	74|72.74.72	0.5
73|75	129|73	0.333333333333
73|75	71|73	1.0
73|75	72|73	0.857142857143
73|75	78|73	0.142857142857
73|75	64|73	0.666666666667
36|42	37|36	1.0
36|42	49|36.42	0.2
36|42	42|36.42	0.0833333333333
36|42	46|36.42	1.0
36|42	41|36	1.0
36|42	57|	0.0869565217391
36|42	45|36	0.0869565217391
25|40	43|25	1.0
42|	35|42	0.0689655172414
42|	30|42	0.2
42|	29|	0.025641025641
42|	47|42	0.125
42|	43|42	0.666666666667
42|	55|	0.1
42|	129|42	0.205128205128
42|	48|42	0.125
42|	57|	0.0112359550562
42|	44|42	0.153846153846
42|	33|42	0.25
42|	64|42	1.0
42|	40|42	0.153846153846
42|	39|	0.0227272727273
42|	49|42	0.179487179487
42|	37|42	0.0344827586207
42|	27|	0.0625
42|	59|	0.736842105263
42|	45|42	0.333333333333
42|	62|	0.0625
42|	54|42	0.1
42|	69|	1.0
42|	41|42	0.0769230769231
42|	51|42	0.0714285714286
42|	36|42	0.025641025641
42|	32|	1.0
42|	56|	1.0
42|	28|	0.128205128205
42|	50|	0.1
42|	38|42	1.0
42|	46|42	0.0625
54|50	50|54	0.2
54|50	53|54	1.0
54|50	52|54	0.375
54|50	55|54.50	1.0
54|50	57|54	1.0
54|50	56|54	1.0
54|50	59|54	0.4
54|50	43|	0.0625
54|50	57|54.50	1.0
54|50	49|54	0.0625
67|58	63|67	0.666666666667
67|58	58|67	1.0
67|58	60|67	0.5
67|58	61|67	0.5
67|58	70|67	0.030303030303
67|58	64|67.58	1.0
67|58	58|67.58	1.0
67|58	68|67	0.121212121212
67|58	69|67	1.0
68|69.68	66|68	1.0
79|89	83|79	1.0
72|74.71.69	69|72	1.0
67|129.66	69|67.129	1.0
67|129.66	129|67	0.5
67|129.66	129|67.129.66	1.0
67|129.66	66|67.129	0.5
59|60.57	57|59.60	0.5
59|60.57	62|59	0.5
59|60.57	60|59.60.57	1.0
48|47.45.48	50|48.47.45.48	1.0
87|79	83|87	1.0
87|79	90|87.79	1.0
61|70	60|61	0.666666666667
61|70	67|61	0.333333333333
71|88	88|71	1.0
55|41	70|	0.5
55|41	58|55	1.0
55|41	57|55.41	1.0
129|49.129.45	48|129	1.0
60|65	77|60	0.5
60|65	57|60	0.5
60|65	58|60.65	0.6
60|65	55|60	0.5
60|65	56|60.65	1.0
60|65	67|60	1.0
60|65	72|60	0.222222222222
60|65	63|60	0.875
60|65	61|60	1.0
60|65	56|60	0.6
60|65	59|60	0.5
60|65	64|60.65	0.2
60|65	65|60.65	0.125
60|65	69|60	0.5
60|65	62|60	0.5
33|31.33	129|33	1.0
31|29	33|31.29	1.0
31|29	44|31	0.25
31|29	32|31.29	1.0
31|29	30|31.29	1.0
57|59.60.50	56|57	1.0
73|68	72|73	1.0
73|68	81|73	1.0
42|52	48|42	1.0
43|62	62|	1.0
88|82	78|88	0.333333333333
88|82	76|88.82	0.5
55|52.48	48|55	1.0
38|50	37|38.50	1.0
38|50	50|38	0.6
38|50	36|38	0.2
38|50	43|38	1.0
38|50	129|38	0.2
38|50	40|38	1.0
69|51	47|69	1.0
83|95.92	88|83	0.142857142857
83|95.92	80|83	0.714285714286
83|95.92	81|83	0.142857142857
61|64.68	64|61.64	0.111111111111
61|64.68	129|61	0.111111111111
61|64.68	59|61	0.777777777778
62|63.65	60|62.63	0.875
62|63.65	63|62	1.0
62|63.65	63|62.63.65	0.5
129|65.129	67|129	1.0
37|32.30	36|37	0.214285714286
37|32.30	129|37	0.214285714286
37|32.30	30|37	0.285714285714
37|32.30	32|37	0.214285714286
37|32.30	33|37	0.0714285714286
68|70.72.74	67|68	1.0
129|34.129.29	31|129	1.0
129|34.129.29	41|129.34.129.29	1.0
129|34.129.29	34|129	0.25
129|34.129.29	38|129	0.375
89|93	88|89.93	0.571428571429
41|46	37|41	0.25
41|46	43|41	0.142857142857
41|46	39|41	0.1875
41|46	43|41.46	0.714285714286
41|46	129|41	0.818181818182
41|46	40|41.46	1.0
41|46	45|41	1.0
41|46	48|41	0.333333333333
41|46	29|41	0.0625
41|46	47|41	1.0
41|46	35|41.46	1.0
41|46	60|41	1.0
41|46	34|41	0.0909090909091
60|59.62	64|60	0.8
60|59.62	58|60	0.2
65|66.65.61.58	66|65	0.25
65|66.65.61.58	63|65.66.65.61.58	1.0
129|64	65|129.64	0.666666666667
129|64	79|129	1.0
129|64	59|129	0.0833333333333
129|64	62|129	1.0
129|64	66|129	1.0
129|64	63|129	1.0
129|64	66|129.64	1.0
129|64	64|129	0.4
129|64	72|129	1.0
129|64	64|129.64	1.0
129|64	67|129	1.0
129|64	76|129	1.0
50|43	41|50	0.230769230769
50|43	43|50	0.333333333333
50|43	38|50	1.0
50|43	36|50	0.230769230769
50|43	129|50	0.307692307692
50|43	52|50	0.5
50|43	48|50	0.153846153846
50|43	37|	1.0
50|43	29|50	0.0769230769231
50|43	45|50	0.666666666667
60|58	61|60.58	1.0
60|58	58|60	0.166666666667
60|58	55|60	0.142857142857
60|58	65|60	0.666666666667
60|58	57|60.58	0.0714285714286
60|58	68|60	0.142857142857
60|58	61|60	0.0833333333333
60|58	66|60	0.0714285714286
60|58	53|60	0.5
60|58	62|60	0.714285714286
60|58	57|60	0.166666666667
60|58	67|60	0.142857142857
60|58	72|60	0.0714285714286
60|58	52|60	0.0833333333333
60|58	58|60.58	0.0714285714286
60|58	63|60	0.5
60|58	48|60	0.666666666667
60|58	56|60	0.0769230769231
60|58	65|60.58	0.307692307692
60|58	59|60	0.0769230769231
60|58	63|60.58	0.5
60|58	64|60	1.0
60|58	129|60	0.384615384615
74|76.71	77|74	1.0
82|81	84|82	0.666666666667
82|81	129|82	0.5
82|81	87|82	0.5
82|81	86|82	0.176470588235
82|81	81|82.81	0.5
82|81	78|	1.0
82|81	79|82.81	0.2
82|81	85|82	0.333333333333
129|40	57|129	0.0446650124069
129|40	59|129	0.00744416873449
129|40	29|129	0.333333333333
129|40	36|129	0.0714285714286
129|40	40|129.40	0.857142857143
129|40	50|129	0.00744416873449
129|40	44|129	0.0714285714286
129|40	35|129	0.25
129|40	37|129	0.4
129|40	41|129	1.0
129|40	38|129	0.5
129|40	42|129.40	1.0
129|40	28|129	0.25
34|46.41	39|34	1.0
75|74	67|75.74	1.0
75|74	82|75	1.0
75|74	76|75	0.166666666667
75|74	80|75	0.25
75|74	74|75	0.333333333333
75|74	65|75	0.333333333333
75|74	79|75	0.166666666667
75|74	72|75	1.0
75|74	67|75	0.5
75|74	69|75	1.0
75|74	74|75.74	0.666666666667
75|74	84|	0.333333333333
75|74	77|75	1.0
89|88.89.94	85|89.88	1.0
37|24	42|37	1.0
71|74.83	72|71.74.83	1.0
88|89.88	87|88	1.0
129|41.129.41.129.41	34|129.41	1.0
129|43.129.47	43|129	1.0
79|78.83	83|79	1.0
88|97	90|88	0.666666666667
88|97	93|88	0.333333333333
31|36	33|31.36	1.0
31|36	36|31.36	1.0
31|36	36|31	1.0
31|36	35|31	0.25
31|36	40|31	0.5
31|36	43|31	0.25
31|36	32|31	0.333333333333
48|47.52	49|48.47	0.285714285714
48|47.52	45|48	0.571428571429
48|47.52	43|48	0.142857142857
64|68	66|64.68	1.0
64|68	67|64	1.0
64|68	59|64.68	1.0
64|68	69|64	0.0769230769231
64|68	57|64	1.0
64|68	68|64	1.0
64|68	71|64	0.230769230769
64|68	61|64.68	0.111111111111
64|68	63|64	0.5
64|68	129|64	1.0
52|45.52.57.52	49|52.45	1.0
129|75	60|129	0.1
129|75	75|129	1.0
129|75	85|	1.0
129|75	74|129.75	0.5
129|75	72|129	0.5
129|75	69|129.75	1.0
129|75	86|129	1.0
129|75	67|129	0.1
38|29	36|38	1.0
72|64	69|72.64	1.0
72|64	64|72	0.8
72|64	71|72.64	1.0
72|64	63|72	0.2
52|50.53	45|52	1.0
97|	92|97	1.0
97|	93|97	1.0
97|	85|97	0.5
97|	88|97	0.666666666667
80|76.64	68|80	1.0
83|82	71|83.82	0.5
83|82	85|83	0.5
83|82	84|83.82	1.0
83|82	80|83	0.666666666667
83|82	81|83.82	1.0
71|72.79	72|71.72.79	1.0
66|62.68	61|66	1.0
56|	66|56	1.0
56|	61|56	0.333333333333
56|	53|56	0.333333333333
56|	62|56	0.5
56|	129|56	0.666666666667
56|	42|56	0.5
56|	49|56	0.0769230769231
56|	57|56	0.666666666667
56|	37|	0.0769230769231
56|	58|56	0.0526315789474
56|	47|	0.0714285714286
56|	43|	0.111111111111
56|	48|56	1.0
56|	50|56	0.333333333333
56|	54|56	0.333333333333
56|	59|56	0.125
56|	65|56	0.136363636364
56|	64|56	0.727272727273
56|	75|56	1.0
56|	51|56	0.111111111111
56|	60|56	0.333333333333
56|	44|56	1.0
56|	55|56	0.473684210526
56|	67|56	1.0
56|	70|56	1.0
56|	72|56	1.0
56|	68|56	1.0
56|	52|56	1.0
56|	63|56	0.25
38|129.38	129|38.129.38	1.0
60|51	56|60	0.666666666667
60|51	51|60.51	1.0
60|51	53|60	1.0
60|51	49|60	0.166666666667
129|62.129.63.62	62|129.62	1.0
52|50.41	53|52.50.41	1.0
53|51.48	55|53.51.48	1.0
41|48.52	50|41	1.0
77|79	72|77	0.25
77|79	80|77	0.222222222222
77|79	89|77	1.0
77|79	68|77	0.25
77|79	85|77	0.0178571428571
77|79	64|77	0.0178571428571
77|79	79|77.79	0.25
77|79	79|77	0.5
77|79	70|77	0.111111111111
77|79	76|77.79	1.0
77|79	65|77	0.75
77|79	81|77.79	0.166666666667
77|79	82|77	0.166666666667
77|79	74|77.79	0.142857142857
77|79	78|77	0.0178571428571
77|79	75|77.79	1.0
77|79	69|77	0.25
58|59.56	57|58	1.0
129|65.129.64	72|129	1.0
129|65.129.64	67|129	0.5
129|65.129.64	65|129.65.129.64	1.0
64|62.61	61|64.62	0.5
64|62.61	66|64.62	0.5
79|76.72.67	65|79	1.0
58|129.58.129.57	129|58.129.58.129.57	1.0
45|46.50	50|45	1.0
64|55	65|64	1.0
64|55	56|64	1.0
64|55	55|64	1.0
64|55	60|64	1.0
69|58	60|69	1.0
76|77.84	77|76.77.84	1.0
38|24	34|38	1.0
38|24	40|38	1.0
35|33.35.37	33|35.33.35.37	0.6
63|70	67|63	0.166666666667
63|70	60|63	0.25
63|70	61|63	0.5
63|70	75|63	0.25
63|70	68|63	1.0
63|70	129|63	1.0
63|70	70|63	1.0
63|70	62|63	0.833333333333
63|70	65|63	0.5
52|54.56	51|52	0.333333333333
52|54.56	50|52	0.666666666667
129|65.67	64|129.65	1.0
129|65.67	62|129.65	1.0
73|47	38|	1.0
38|36	41|38	0.333333333333
38|36	37|38	0.181818181818
38|36	39|38.36	0.666666666667
38|36	42|38	0.5
38|36	44|38	1.0
38|36	36|38	0.5
38|36	33|38	0.5
38|36	35|38	0.2
38|36	49|38	0.5
38|36	43|38.36	0.5
38|36	40|38	0.2
62|59.64	58|62	0.142857142857
62|59.64	57|62	0.857142857143
44|51.38.53	36|44	1.0
76|129.77	74|76	1.0
67|129.67	66|67.129	1.0
67|129.67	76|67	0.5
67|129.67	71|67.129	1.0
67|129.67	129|67	0.5
67|129.67	129|67.129.67	1.0
69|71.67	66|69	1.0
69|71.67	73|69	1.0
53|48.47	48|53.48.47	1.0
47|50	43|47	0.666666666667
47|50	52|47	0.5
47|50	46|47	0.666666666667
47|50	54|47	1.0
47|50	45|47	0.5
47|50	50|47	0.333333333333
47|50	45|47.50	1.0
47|50	48|47	0.333333333333
47|50	49|47	0.4
61|63.65.129	58|61	0.428571428571
61|63.65.129	129|61	0.571428571429
61|63.61	58|61	0.111111111111
61|63.61	63|61.63.61	1.0
61|63.61	129|61	0.111111111111
61|63.61	60|61.63	0.555555555556
55|53	43|55	0.5
55|53	56|55	0.333333333333
55|53	54|55	0.2
55|53	50|55	0.4
55|53	60|55	0.25
55|53	129|55	1.0
55|53	56|55.53	1.0
55|53	67|55	1.0
55|53	51|55	0.333333333333
55|53	52|55.53	1.0
55|53	57|55	1.0
55|53	53|55.53	0.2
55|53	61|55	0.25
55|53	48|55	1.0
55|53	52|55	0.111111111111
53|51.46	50|53	1.0
79|77.76.65	82|79	1.0
56|44	55|56	1.0
56|44	54|56	1.0
56|44	68|56	1.0
56|44	50|56	1.0
98|	88|98	0.5
88|83	92|88	0.4
88|83	76|88	0.6
77|76.77.76	72|77	0.2
77|76.77.76	76|77.76.77	0.4
77|76.77.76	81|77.76	0.4
42|51	46|42.51	1.0
42|51	37|42	0.647058823529
42|51	51|42	0.294117647059
70|68.70	68|70.68.70	1.0
70|68.70	72|70.68	0.5
90|83	93|90	0.4
90|83	78|90	0.4
90|83	95|90	0.2
61|58.53	60|61.58	1.0
129|44.129.44.129.49.129.44	44|129.44.129.44.129.49.129.44	1.0
72|129.74.62	129|72.129.74.62	1.0
74|75.69	71|74.75	1.0
129|62.57	62|129.62	1.0
51|48	53|51	1.0
51|48	50|51	1.0
51|48	50|51.48	1.0
51|48	31|	0.333333333333
51|48	56|51	1.0
51|48	43|	0.333333333333
51|48	53|51.48	1.0
51|48	47|51	0.333333333333
51|48	55|51	1.0
74|77	82|74	0.0322580645161
74|77	71|74	0.290322580645
74|77	75|74	0.333333333333
74|77	86|	0.0322580645161
74|77	77|74.77	0.5
74|77	67|74	0.225806451613
74|77	76|74.77	0.333333333333
74|77	70|74.77	1.0
74|77	73|74.77	1.0
74|77	81|74.77	1.0
74|77	72|74.77	1.0
74|77	69|74	0.5
74|77	72|74	1.0
74|77	79|74	1.0
74|77	65|74	1.0
51|56	40|51	1.0
51|56	50|51	1.0
51|56	58|51	1.0
51|56	56|51	1.0
51|56	53|51	1.0
129|65.64	69|129.65	1.0
50|62	57|50.62	1.0
50|62	52|50	1.0
50|62	60|50	1.0
50|62	49|50.62	1.0
50|62	54|50	1.0
50|62	57|50	1.0
50|43.38	29|50	1.0
69|62	57|69	1.0
69|62	61|69	0.5
69|62	62|69	1.0
69|62	66|69	1.0
69|62	68|69	0.5
69|62	74|69	1.0
69|62	129|69	0.5
69|62	59|69.62	1.0
69|62	65|69	1.0
69|62	72|69	1.0
69|62	71|69	0.5
69|62	70|69	1.0
51|39.38.44.39	35|51	1.0
65|68.70	129|65	0.25
65|68.70	63|65.68	0.75
65|60.58	60|65.60.58	0.666666666667
65|60.58	63|65.60	1.0
65|60.58	61|65	0.166666666667
38|129.43	129|38.129.43	1.0
29|30	28|29	1.0
29|30	41|29	1.0
53|	57|53	0.0416666666667
53|	129|53	0.0416666666667
53|	46|53	0.125
53|	43|53	0.272727272727
53|	44|53	0.909090909091
53|	52|53	1.0
53|	72|53	1.0
53|	47|53	1.0
53|	39|53	0.2
53|	56|53	0.333333333333
53|	40|53	0.5
53|	68|53	0.111111111111
53|	51|53	0.208333333333
53|	37|	0.3
53|	38|53	0.40625
53|	29|	0.0208333333333
53|	55|53	1.0
53|	62|53	0.125
53|	60|53	0.0625
53|	59|53	0.0625
53|	27|	0.1
53|	36|53	0.0217391304348
53|	48|53	0.434782608696
53|	41|53	0.0625
53|	50|53	0.0434782608696
53|	65|53	0.222222222222
53|	54|53	0.104166666667
53|	45|53	1.0
53|	61|53	0.166666666667
53|	58|53	0.166666666667
53|	49|53	0.666666666667
53|	33|53	1.0
53|	35|53	0.0729166666667
53|	34|53	0.15
53|	63|	0.333333333333
53|	66|53	1.0
37|30.44	32|37.30	0.25
37|30.44	44|37	0.75
51|60.51	52|51	1.0
67|63	58|67	0.615384615385
67|63	60|67	0.384615384615
67|63	56|67	0.142857142857
67|63	66|67	0.5
67|63	65|67.63	0.375
67|63	64|67	0.333333333333
67|63	68|67	0.5
67|63	63|67	0.666666666667
67|63	61|67	0.333333333333
67|63	70|67	1.0
67|63	65|67	0.75
67|63	62|67	0.333333333333
67|63	69|67	0.333333333333
71|83	73|71.83	0.5
71|83	92|	0.0344827586207
71|83	76|71.83	1.0
71|83	83|71	0.0344827586207
71|83	75|71	0.0344827586207
71|83	80|71	0.241379310345
71|83	82|71	0.103448275862
71|83	79|71	0.103448275862
71|83	88|71	0.0344827586207
71|83	87|71	0.0344827586207
71|83	78|71	0.241379310345
71|83	68|71	0.0344827586207
35|33.36	36|35.33.36	1.0
75|74.73	76|75	1.0
76|77.78	77|76.77	0.2
76|77.78	79|76.77	0.8
51|55.51	54|51	1.0
129|79.81	78|129	1.0
35|42	37|35	1.0
35|42	37|35.42	1.0
35|42	33|35	0.5
35|42	42|35	0.666666666667
35|42	40|35	0.333333333333
42|36.42	36|42	0.666666666667
42|36.42	49|42	0.0833333333333
42|36.42	57|	0.0833333333333
42|36.42	38|42	0.166666666667
28|37	35|28	1.0
68|67.70	63|68.67	1.0
32|39.34	37|32.39.34	1.0
129|69	57|129	0.2
129|69	66|129.69	0.2
129|69	67|129.69	0.25
129|69	72|129.69	1.0
129|69	62|129	0.25
129|69	71|129.69	1.0
129|69	77|129	0.125
129|69	81|129	0.2
129|69	72|129	0.125
129|69	70|129.69	0.625
129|69	47|129	1.0
129|69	69|129.69	1.0
129|69	74|129.69	0.333333333333
129|69	68|129	0.333333333333
129|69	65|129.69	0.333333333333
129|69	71|129	0.428571428571
38|30	35|38	1.0
43|129	36|43	0.307692307692
43|129	129|43	1.0
43|129	41|43	0.0769230769231
43|129	32|43	0.0769230769231
43|129	129|43.129	0.0769230769231
43|129	48|43	0.0769230769231
43|129	46|43	1.0
43|129	47|43	0.75
43|129	62|	0.25
43|129	44|43	0.0769230769231
43|129	50|43	0.307692307692
81|83	80|81	0.181818181818
81|83	129|81.83	0.75
81|83	83|81	0.25
81|83	79|81	0.818181818182
81|83	85|81	0.111111111111
81|83	86|81	0.111111111111
81|83	87|81	0.333333333333
51|36.39	44|51.36.39	0.111111111111
51|36.39	38|51	0.285714285714
51|36.39	55|51	0.0714285714286
42|30	37|42	1.0
42|30	45|42.30	1.0
42|30	30|42	1.0
92|88.100	98|	1.0
63|62.55	65|63.62.55	1.0
63|62.55	58|63	0.444444444444
63|62.55	129|63.62	0.111111111111
63|62.55	70|63	0.222222222222
53|55	56|53	0.5
53|55	58|53.55	1.0
53|55	50|53	0.166666666667
53|55	48|53	0.333333333333
53|55	52|53	0.125
53|55	36|53	0.125
53|55	65|53	0.166666666667
53|55	54|53	0.166666666667
53|55	60|53.55	1.0
53|55	129|53.55	1.0
53|55	48|53.55	1.0
53|55	52|53.55	1.0
53|55	58|53	0.25
53|55	51|53	1.0
53|55	55|53.55	0.142857142857
53|55	63|	1.0
53|55	46|53	0.166666666667
48|60.53	55|48	1.0
55|60.62	57|55.60	1.0
69|67.69.71	71|69	0.25
69|67.69.71	72|69.67	0.75
58|56	59|58.56	1.0
58|56	57|58	1.0
58|56	60|58	0.857142857143
58|56	56|58	1.0
58|56	61|58.56	1.0
58|56	61|58	0.142857142857
58|56	60|58.56	1.0
58|56	129|58	0.105263157895
58|56	64|58	1.0
58|56	55|58	0.0666666666667
58|56	70|58	1.0
58|56	46|58	0.2
57|62.54	52|57	0.5
57|62.54	54|57	0.5
54|51	52|54	1.0
54|51	57|54	1.0
54|51	48|54	1.0
54|51	129|54	0.5
54|51	51|54	1.0
68|69.68.73	69|68.69.68.73	1.0
69|64.57.69	62|69	0.833333333333
69|64.57.69	57|69.64.57.69	1.0
59|62	56|59.62	0.666666666667
59|62	60|59.62	0.5
59|62	63|59	0.5
59|62	55|59	1.0
59|62	58|59	0.333333333333
59|62	62|59	1.0
59|62	57|59.62	1.0
59|62	61|59	0.166666666667
59|62	62|59.62	1.0
59|62	129|59	1.0
60|62	58|60	0.142857142857
60|62	71|	0.2
60|62	65|60	0.2
60|62	61|60	0.5
60|62	55|60.62	0.5
60|62	69|60	0.1
60|62	58|60.62	0.714285714286
60|62	62|60	1.0
60|62	59|60.62	0.047619047619
60|62	57|60	1.0
60|62	70|	0.166666666667
60|62	67|60	0.166666666667
60|62	72|60	0.333333333333
60|62	56|60	1.0
60|62	81|	0.111111111111
60|62	59|60	0.5
60|62	63|60.62	0.047619047619
60|62	64|60	0.1
60|62	129|60	1.0
60|62	62|60.62	0.190476190476
78|76.74	79|78	1.0
70|72.74.75	74|70	1.0
55|53.55	43|55	1.0
55|53.55	53|55.53	0.5
55|53.55	60|55	0.5
65|56	53|65	0.666666666667
65|56	64|65	1.0
65|56	46|	0.333333333333
65|56	60|65	1.0
65|56	63|65	1.0
57|51	51|57	1.0
57|51	62|57	1.0
69|71.73	68|69.71	1.0
45|41.48	46|45	1.0
39|44.36	55|39.44	1.0
28|32	29|28	1.0
74|72	129|74.72	1.0
74|72	77|74.72	0.5
74|72	71|74	0.0606060606061
74|72	75|74	0.75
74|72	81|74	0.030303030303
74|72	67|74	0.121212121212
74|72	72|74	1.0
74|72	76|74	1.0
74|72	70|74	0.1
74|72	71|74.72	1.0
74|72	77|74	0.0606060606061
74|72	72|74.72	1.0
74|72	69|74	0.030303030303
74|72	79|74	0.4
74|72	65|74	0.25
86|89.88.89.86	88|86	1.0
79|77.74	80|79	1.0
78|83	81|78.83	1.0
78|83	79|78.83	1.0
78|83	92|78	0.333333333333
78|83	73|78	0.5
78|83	74|78.83	0.333333333333
78|83	91|	1.0
76|61	75|76	1.0
69|71	67|69.71	0.538461538462
69|71	129|69	0.333333333333
69|71	72|69	0.5
69|71	67|69	0.5
69|71	68|69.71	0.153846153846
69|71	74|69.71	0.0769230769231
69|71	73|69	0.166666666667
69|71	66|69	1.0
69|71	71|69.71	0.230769230769
69|71	68|69	1.0
69|71	74|69	0.025641025641
69|71	129|69.71	1.0
69|71	56|	1.0
69|71	64|69	1.0
69|71	71|69	1.0
57|52.61	45|57	1.0
58|56.58	56|58	0.666666666667
58|56.58	60|58.56	1.0
58|56.58	129|58	0.333333333333
43|48.43	40|43	1.0
65|53	64|65	1.0
65|53	49|65	1.0
81|79.78	84|81	1.0
39|129	41|39.129	0.2
39|129	43|39	0.2
39|129	44|39	0.2
39|129	29|39	0.2
39|129	38|39	0.157894736842
39|129	129|39	0.2
61|64.66.64	66|61	1.0
129|61.57	52|129	1.0
58|46	53|58	1.0
58|46	57|58	1.0
129|67.129.67	75|129	1.0
129|67.129.67	66|129.67	1.0
86|83	129|86.83	0.333333333333
86|83	89|86	0.666666666667
44|43.42.40	40|44	1.0
37|46.41	25|	1.0
72|71.72.79	81|72	1.0
45|42.30	44|45	1.0
129|36.129.35	36|129	1.0
50|51.48	46|50	1.0
62|129.62.129.62	129|62.129.62.129.62	1.0
76|129.74	77|76	1.0
32|36.32	35|	1.0
65|57.65	57|65	0.333333333333
65|57.65	58|65	0.333333333333
65|57.65	62|65	0.333333333333
45|47.43	38|45	1.0
45|47.43	48|45	1.0
71|69.67.66	72|71.69.67	0.333333333333
71|69.67.66	73|71.69	0.666666666667
78|88	88|78	1.0
81|77.76	84|81	0.333333333333
81|77.76	79|81.77	0.666666666667
69|68.71	66|69.68	1.0
48|29.45	53|48.29.45	1.0
60|61.64	59|60.61	0.5
60|61.64	56|60	0.5
70|72.74.72	72|70.72	1.0
70|72.74.72	65|70	0.75
70|72.74.72	129|70.72	0.25
59|58	58|59.58	0.5
59|58	63|59	1.0
59|58	55|59	0.2
59|58	58|59	0.5
59|58	60|59.58	1.0
59|58	67|59	1.0
59|58	61|59.58	0.5
59|58	65|59	0.2
59|58	54|59	0.5
59|58	62|59	0.333333333333
59|58	129|59	0.125
59|58	64|59	0.666666666667
36|41	37|36	0.0769230769231
36|41	50|36	0.222222222222
36|41	41|36	0.923076923077
36|41	41|36.41	1.0
36|41	29|	1.0
36|41	43|36	1.0
59|60.62.57	62|59.60	0.5
59|60.62.57	54|59	0.25
59|60.62.57	55|59	0.25
35|129.48	129|35.129.48	1.0
43|38.42	42|43	1.0
72|70.69.70	74|72.70	1.0
82|79.80	83|82	1.0
62|129.62	61|62.129	1.0
62|129.62	129|62.129.62	1.0
66|73.66	75|66	1.0
57|59.55	55|57	1.0
85|84	78|85	1.0
129|67.74	71|129.67.74	1.0
129|57.129	45|129.57	1.0
129|57.129	55|129	0.666666666667
129|57.129	58|129.57	0.333333333333
31|43	46|31	0.2
31|43	33|31	0.5
31|43	38|31	0.5
31|43	36|31	0.2
31|43	43|31	0.4
31|43	47|31	0.2
71|68.73	66|71	1.0
129|69.73	66|129.69	1.0
33|31	129|33	0.375
33|31	35|33	1.0
33|31	38|33	0.75
33|31	43|33	0.0416666666667
33|31	35|33.31	0.285714285714
33|31	30|33	0.444444444444
33|31	31|33	0.333333333333
33|31	32|33.31	1.0
33|31	34|33	0.142857142857
33|31	36|33	0.571428571429
31|30	129|31	0.666666666667
31|30	30|31.30	1.0
31|30	37|	1.0
31|30	32|31	1.0
30|129	37|30	0.285714285714
30|129	32|30.129	0.4
30|129	29|30	1.0
57|61.59	56|57	0.285714285714
57|61.59	62|57	0.285714285714
57|61.59	54|57.61	0.428571428571
51|46	53|51	0.5
51|46	42|51	0.5
51|46	58|51	0.5
51|46	61|51	1.0
51|46	56|51	0.25
51|46	39|51	0.4
51|46	46|51.46	1.0
51|46	50|51	0.333333333333
51|46	129|51	0.25
51|46	48|51	0.375
51|46	53|51.46	1.0
51|46	44|51	0.333333333333
51|46	38|51	1.0
51|46	46|51	0.666666666667
53|52.60	54|53	1.0
44|38.41	53|44	1.0
76|72.67	79|76.72.67	1.0
76|72.67	72|76	0.166666666667
76|72.67	74|76.72.67	1.0
76|72.67	69|76	0.333333333333
46|27	51|46	1.0
60|	58|60	0.428571428571
60|	44|60	1.0
60|	55|60	0.333333333333
60|	65|60	0.0909090909091
60|	50|60	0.333333333333
60|	71|	0.0909090909091
60|	61|60	1.0
60|	45|60	0.0384615384615
60|	68|60	0.714285714286
60|	66|60	0.0238095238095
60|	47|	0.031746031746
60|	69|60	0.0714285714286
60|	53|60	0.166666666667
60|	62|60	0.380952380952
60|	41|	0.111111111111
60|	77|60	1.0
60|	57|60	0.0238095238095
60|	70|	0.04
60|	39|	0.0833333333333
60|	46|60	0.192307692308
60|	67|60	0.04
60|	72|60	0.0238095238095
60|	52|60	0.0740740740741
60|	63|60	0.0238095238095
60|	43|60	0.333333333333
60|	48|60	0.481481481481
60|	56|60	0.04
60|	81|	0.015873015873
60|	59|60	0.0238095238095
60|	54|	0.04
60|	64|60	0.272727272727
60|	129|60	1.0
60|	73|	0.2
60|	49|60	1.0
60|	51|60	0.25
75|73.66	73|75.73.66	1.0
58|47	64|58	1.0
55|53.57	52|55	1.0
45|33	34|	1.0
45|33	49|45	1.0
45|33	33|45	0.5
45|33	40|45	1.0
45|33	37|45	0.5
66|67.66.67	62|66	1.0
51|129.49	129|51.129.49	0.25
129|74.72.70	76|129.74	1.0
58|61.64	55|58	1.0
50|58	51|50	1.0
31|41	33|31.41	1.0
76|78	75|76	0.2
76|78	78|76.78	0.5
76|78	68|76	1.0
76|78	73|76	0.0833333333333
76|78	79|76.78	0.166666666667
76|78	74|76.78	0.0833333333333
76|78	69|76	0.0833333333333
76|78	129|76.78	1.0
76|78	77|76	0.5
76|78	81|76	0.0833333333333
55|57.60	57|55.57	0.5
55|57.60	50|55	0.5
76|78.76.78	79|76.78	1.0
28|26	31|28	1.0
53|129.48	129|53.129.48	1.0
81|83.84	83|81	0.25
81|83.84	79|81.83.84	0.333333333333
50|45.129.57	129|50.45.129.57	1.0
68|67.74	67|68.67.74	1.0
129|72.129.74.62	69|129.72	1.0
73|66	80|73	1.0
73|66	69|73	0.413793103448
73|66	71|73	0.8
73|66	68|73	0.2
73|66	75|73.66	1.0
73|66	66|73.66	1.0
55|57.59.62	60|55.57	1.0
82|84.81	80|82	1.0
38|43	33|38	0.125
38|43	42|38	0.25
38|43	43|38	0.375
38|43	36|38	0.25
38|43	129|38.43	1.0
38|43	39|38.43	1.0
38|43	45|38.43	1.0
38|43	40|38	0.2
38|43	37|38	1.0
38|43	35|38	0.0833333333333
69|67.69	129|69.67	1.0
69|67.69	65|69.67	1.0
69|67.69	62|69	0.5
69|67.69	71|69	1.0
69|67.69	67|69.67	0.5
44|51.38	38|44.51.38	1.0
44|51.38	39|44.51	0.75
44|51.38	36|44	0.125
37|58	40|37	1.0
62|129.65	129|62.129.65	1.0
41|34.41	46|41	1.0
36|39.51	55|	1.0
37|129	39|37	1.0
37|129	129|37	0.2
37|129	47|	0.2
37|129	45|	1.0
37|129	38|37	0.6
29|41.29	34|29	1.0
86|89.88	89|86.89.88	1.0
86|89.88	88|86	0.2
72|73.77	76|72	1.0
64|69.61	67|64.69	1.0
83|71	87|83	1.0
47|43	50|47	0.333333333333
47|43	52|47	0.333333333333
47|43	41|47	0.5
47|43	44|47	0.333333333333
47|43	45|47.43	0.333333333333
47|43	48|47	0.5
47|43	49|47	0.5
76|74.77	79|76	1.0
30|33.35.33.35.37	28|30.33.35.33.35.37	1.0
47|31	48|47	1.0
69|62.69	62|69	0.0625
69|62.69	60|69	0.9375
44|48	46|44	1.0
53|47	51|53	1.0
53|47	40|53	1.0
63|61.63.61	65|63	1.0
86|84.83.81	83|86	0.444444444444
86|84.83.81	88|86.84	0.444444444444
86|84.83.81	129|86	0.111111111111
65|62.69	70|65.62	1.0
65|62.69	58|65	1.0
45|61	53|45	1.0
89|93.86	88|89.93.86	0.142857142857
43|129.38.129.43	47|43	1.0
60|59.60	56|60	1.0
60|59.60	59|60	0.5
60|59.60	72|60	0.5
41|44	39|41	1.0
41|44	44|41	1.0
35|53.35.53.35	53|35.53.35.53.35	0.0833333333333
35|53.35.53.35	40|35.53	0.075
35|53.35.53.35	49|35.53	0.325
129|48.129.48	53|129.48.129.48	1.0
65|60	70|65	0.5
65|60	58|65	0.2
65|60	60|65	1.0
65|60	51|65	0.25
65|60	64|65	1.0
65|60	48|65	0.111111111111
65|60	67|65	1.0
65|60	63|65.60	1.0
65|60	62|65	0.111111111111
65|60	53|65	0.0714285714286
65|60	69|65	1.0
65|60	66|65	0.5
65|60	54|65	0.222222222222
65|60	61|65	0.733333333333
129|41.53	29|129	1.0
42|36.44	46|42.36	0.666666666667
42|36.44	49|42	0.333333333333
64|66.67	62|64.66	1.0
64|66.67	66|64.66	0.666666666667
64|66.67	62|64.66.67	1.0
64|66.67	62|64	1.0
79|78	81|79	0.666666666667
79|78	80|79	0.0833333333333
79|78	86|79	0.142857142857
79|78	76|79	0.142857142857
79|78	78|79	0.0833333333333
79|78	74|79	0.285714285714
79|78	81|79.78	0.666666666667
79|78	83|79	0.0833333333333
79|78	88|79	1.0
79|78	82|79	0.571428571429
79|78	76|79.78	1.0
129|41.129.36	29|129	1.0
30|35	33|30	1.0
30|35	26|30	1.0
30|35	35|30	1.0
46|38	129|46	0.333333333333
46|38	34|46	0.666666666667
62|56.60	58|62	1.0
39|44.53	46|39	0.1
39|44.53	51|39	0.9
30|28.29	33|30	1.0
74|78.83	80|74	0.333333333333
74|78.83	78|74	0.666666666667
57|52.51	56|57	1.0
31|129.43	129|31.129.43	0.5
82|81.84	84|82	0.666666666667
82|81.84	79|82.81	0.333333333333
67|60.70	69|67.60	1.0
70|82	73|70	1.0
70|82	82|70	0.5
70|82	76|70	0.5
43|	39|43	0.189189189189
43|	33|43	0.113636363636
43|	129|43	0.196078431373
43|	52|43	0.117647058824
43|	58|	0.0277777777778
43|	46|43	0.0196078431373
43|	31|43	0.181818181818
43|	50|43	0.1
43|	42|43	0.1
43|	35|43	0.0909090909091
43|	57|43	0.2
43|	49|43	0.2
43|	62|	0.1
43|	29|	0.0196078431373
43|	45|43	0.5
43|	66|	0.111111111111
43|	41|43	0.21568627451
43|	51|43	0.5
43|	59|	0.7
43|	48|43	0.2
43|	55|43	0.3
43|	32|43	0.0196078431373
43|	44|43	0.0392156862745
43|	37|43	0.166666666667
43|	38|43	0.1
43|	40|43	0.166666666667
43|	28|43	1.0
43|	53|43	1.0
43|	36|43	0.0980392156863
43|	47|43	0.1
43|	30|43	1.0
43|48.43.48	47|43	0.5
43|48.43.48	55|43	0.5
95|92	88|95	0.1
95|92	100|95	0.1
95|92	93|95	0.1
95|92	83|95.92	0.714285714286
129|44.129.44.129.44.129.44.129.49.129.44	47|129	1.0
77|69	76|77	0.5
77|69	72|77	0.5
77|69	73|77	0.5
66|72	67|66.72	1.0
66|72	62|66	1.0
68|66	74|68	0.4
68|66	61|68	0.2
68|66	129|68	0.5
68|66	64|68.66	1.0
68|66	66|68	0.2
68|66	71|68	0.5
68|66	69|68.66	0.5
65|63.61.58	61|65.63	1.0
59|44	46|	0.25
59|44	39|59	0.75
48|53.48.47	43|48	1.0
55|64	66|55	1.0
55|64	62|55	1.0
55|64	60|55	1.0
55|64	58|55	1.0
67|73	73|67	0.5
67|73	72|67	0.5
67|73	64|67.73	1.0
55|56.57	54|55	0.666666666667
55|56.57	63|55	0.333333333333
80|75	81|80	1.0
80|75	77|80	1.0
80|75	129|80	1.0
80|75	75|80	1.0
73|70.68	75|73	1.0
67|62.59.60	69|67	1.0
48|53.60	52|48	1.0
41|53	37|41	0.2
41|53	36|41	0.333333333333
41|53	45|41	0.2
41|53	48|41	0.6
41|53	43|41	1.0
41|53	129|41.53	1.0
41|53	53|41	1.0
41|53	46|41.53	1.0
69|76	60|69	1.0
69|76	73|69	1.0
69|76	68|69	0.5
69|76	74|69	1.0
69|76	77|69	1.0
69|76	67|69	0.5
69|76	71|69	0.5
69|76	76|69	0.25
74|73.74.73	69|74	0.333333333333
74|73.74.73	76|74.73	0.333333333333
74|73.74.73	65|74	0.333333333333
93|86	89|93.86	1.0
75|74.72.70.69	74|75.74.72.70.69	1.0
48|47	71|	0.25
48|47	129|48	0.25
48|47	46|48	0.25
48|47	57|48	0.166666666667
48|47	43|48	1.0
48|47	53|48.47	0.166666666667
48|47	35|	0.25
48|47	52|48.47	1.0
48|47	47|48	0.25
48|47	49|48.47	1.0
48|47	51|48	0.25
48|47	55|48	1.0
48|47	50|48	1.0
48|47	41|48	0.25
48|47	41|48.47	1.0
69|66.129	129|69.66	1.0
69|129.72	74|69.129	0.714285714286
69|129.72	129|69.129.72	1.0
69|129.72	72|69	1.0
69|129.72	67|69	1.0
55|39.44	36|55	1.0
46|48.49	45|46	1.0
33|35.33.31	45|33	1.0
81|80	93|	1.0
81|80	73|81	1.0
81|80	84|81	1.0
81|80	72|81	0.5
81|80	75|81	0.333333333333
81|80	83|81	1.0
81|80	74|81	0.166666666667
81|80	77|81	0.333333333333
81|80	76|81	0.25
81|80	82|81.80	0.5
81|80	129|81.80	1.0
76|129	75|76	1.0
76|129	74|76	1.0
76|129	84|76	1.0
76|129	73|76	1.0
76|129	74|76.129	1.0
76|129	72|76	1.0
76|129	129|76	0.5
76|129	77|76	0.5
76|129	69|76	1.0
62|59	71|62	0.25
62|59	68|62	1.0
62|59	58|62	0.5
62|59	61|62	0.166666666667
62|59	63|62	1.0
62|59	61|62.59	1.0
62|59	65|62	0.166666666667
62|59	67|62	1.0
62|59	69|62	0.5
62|59	60|62	0.111111111111
62|59	59|62	1.0
62|59	55|62	1.0
62|59	64|62	0.125
62|59	57|62	0.333333333333
63|129	62|63	0.5
63|129	60|63	0.5
63|129	129|63	0.142857142857
63|129	66|63	1.0
63|129	67|63	1.0
63|129	64|63	0.5
63|129	65|63	0.857142857143
59|61.63	58|59.61	1.0
35|33.40	37|35	1.0
62|58.70	67|62	0.5
62|58.70	72|62	0.5
53|48.41	60|53	1.0
36|45	40|36	1.0
75|81	76|75	1.0
44|24	46|44.24	1.0
63|60.65.60.58	53|63	1.0
40|49	45|40	1.0
40|49	39|40	1.0
40|49	46|40	1.0
35|28	28|35	1.0
80|76.70	68|80	1.0
58|129.58.129.58.129.58.129.57	129|58.129.58.129.58.129.58.129.57	1.0
40|33.28	33|40	1.0
63|66	62|63	1.0
63|66	60|63	0.5
63|66	61|63	0.5
63|66	59|63	1.0
63|66	129|63	1.0
63|66	64|63	1.0
63|66	65|63	0.5
39|48	46|39	1.0
39|48	41|39.48	1.0
68|67.65.63.62.60	70|68.67.65	1.0
65|69.60	71|65	1.0
65|69.60	67|65.69	0.5
65|69.60	60|65	0.5
64|65.67	129|64	1.0
64|65.67	72|64	0.142857142857
64|65.67	63|64.65	0.25
64|65.67	65|64.65	0.75
64|65.67	62|64.65	1.0
64|65.67	66|64	0.142857142857
83|80.88	76|83	1.0
46|44.33	47|46	1.0
81|76	69|81	0.5
81|76	73|81	0.5
81|76	129|81	1.0
81|76	129|81.76	1.0
81|76	90|81	0.285714285714
81|76	84|81	1.0
81|76	85|81	0.571428571429
81|76	76|81	1.0
60|63.67	53|60	1.0
30|28.43	28|30.28.43	1.0
22|34.22	40|22	1.0
78|80	77|78	0.25
78|80	80|78	0.75
78|80	79|78	1.0
77|72.73	65|77	0.4
77|72.73	75|77.72	0.6
72|70.69.70.69	65|72	1.0
57|67	62|57	1.0
41|47	48|41	1.0
41|47	40|41	1.0
36|129.38	129|36.129.38	1.0
129|74.71	73|129	1.0
129|54	56|129	1.0
129|54	58|129	1.0
129|54	50|129	0.5
129|54	55|129	0.5
46|129.46.129.46.129.53	129|46.129.46.129.46.129.53	1.0
83|81.79	85|83	1.0
48|41	47|48	0.5
48|41	50|48	1.0
48|41	57|48	0.05
48|41	129|48	0.583333333333
48|41	39|48	1.0
48|41	53|48.41	0.947368421053
48|41	36|48	1.0
48|41	43|48	0.166666666667
48|41	51|48	0.5
48|41	34|48	0.166666666667
48|41	41|48.41	0.0526315789474
48|41	58|48	0.5
48|41	33|48	0.0833333333333
69|59	71|69.59	1.0
69|59	59|69	1.0
45|40.38	40|45	1.0
64|129	67|64	0.333333333333
64|129	129|64	0.5
64|129	66|64	0.666666666667
64|129	65|64	0.5
64|129	63|64	1.0
64|129	69|64	1.0
64|129	60|64	0.333333333333
64|129	62|64.129	0.333333333333
64|129	71|64	0.125
32|34	30|32.34	0.555555555556
32|34	31|32	1.0
32|34	37|32.34	1.0
129|69.129.72	67|129.69	1.0
48|46.44	46|48	0.333333333333
48|46.44	41|48.46	0.333333333333
48|46.44	50|48.46.44	1.0
35|	52|	0.00161030595813
35|	24|	0.0212765957447
35|	57|35	1.0
35|	129|35	0.157894736842
35|	43|35	0.2
35|	49|	0.133655394525
35|	31|35	1.0
35|	34|35	0.166666666667
35|	47|35	0.0291262135922
35|	39|35	1.0
35|	28|35	0.0263157894737
35|	30|35	0.0291262135922
35|	37|35	0.0789473684211
35|	40|35	0.342105263158
35|	38|35	0.157894736842
35|	33|35	0.025
35|	41|	0.125
35|	45|35	1.0
35|	59|35	0.857142857143
35|	51|	1.0
35|	36|35	0.0263157894737
35|	23|	0.130434782609
35|	32|35	0.5
35|	42|35	0.131578947368
35|	55|35	0.25
35|	44|	0.130434782609
35|	53|35	0.0208333333333
35|	46|35	1.0
56|55.56	58|56	1.0
70|72.70	69|70.72.70	1.0
70|72.70	58|70	1.0
70|72.70	69|70.72	0.0588235294118
70|72.70	67|70	0.117647058824
70|72.70	72|70.72	0.705882352941
70|72.70	68|70	0.117647058824
70|72.70	69|70	1.0
129|81.83	85|	0.25
129|81.83	86|129	0.75
36|51	49|36.51	1.0
36|51	39|36	0.111111111111
36|51	51|36.51	0.833333333333
36|51	41|36	0.111111111111
36|51	44|36	0.111111111111
61|58.56	62|61	1.0
61|58.56	63|61.58	1.0
129|42.129.40	57|129	0.00327868852459
129|42.129.40	40|129	0.996721311475
29|44	48|29	1.0
29|44	39|29	1.0
86|77	84|86	1.0
62|47	49|	1.0
55|129.50.129.48	62|55	1.0
47|38	38|47	1.0
35|53.35.53.35.53.35	53|35.53.35.53.35.53.35	0.5
35|53.35.53.35.53.35	49|35.53	0.65
35|53.35.53.35.53.35	40|35.53	0.15
65|69	77|65	0.1875
65|69	86|65	0.0625
65|69	70|65	0.333333333333
65|69	60|65	0.125
65|69	62|65	0.5
65|69	72|65	0.111111111111
65|69	70|65.69	0.666666666667
65|69	66|65	0.25
65|69	64|65.69	0.25
65|69	67|65.69	1.0
65|69	71|65	0.111111111111
65|69	129|65.69	1.0
65|69	56|65	0.5
65|69	68|65	0.333333333333
65|69	63|65	0.125
52|64	64|52	1.0
52|64	64|52.64	0.5
69|67.72	65|69	1.0
49|50.49	52|49	0.222222222222
49|50.49	48|49	0.5
49|50.49	50|49.50.49	1.0
49|50.49	47|49	0.5
66|67.66.62	67|66.67	1.0
88|91	83|88	1.0
75|63	69|75	0.5
75|63	65|75	0.5
60|58.62	57|60.58	1.0
129|81.76	61|129	1.0
59|57.55	57|59	1.0
38|129.46	129|38.129.46	1.0
129|71.69.71	69|129	1.0
66|64.62	68|66	0.25
66|64.62	61|66	0.333333333333
66|64.62	67|66.64	0.666666666667
66|64.62	69|66.64	1.0
83|86	79|83	0.1
83|86	84|83.86	0.2
83|86	72|83	0.4
38|129.31	129|38.129.31	1.0
64|71.69	61|64	1.0
129|44.129.46.129.44.129.44.129.44.129.44.129.49	45|129	1.0
36|43.35	32|36	1.0
66|67.74	62|66	1.0
66|67.74	67|66.67.74	1.0
129|38.129.31	31|129	1.0
129|38.129.31	33|129	1.0
76|85	81|76	1.0
76|85	77|76.85	1.0
69|72.66	74|69	1.0
42|48	41|42	0.25
42|48	36|42	0.25
42|48	129|42	0.5
72|129.77	129|72.129	1.0
72|129.77	74|72	1.0
64|66.57	67|64	1.0
40|41	36|40	0.166666666667
40|41	37|40	0.5
40|41	38|40	1.0
40|41	47|40	1.0
40|41	39|40	0.333333333333
40|41	46|40	1.0
40|38	45|40	0.642857142857
40|38	37|40	0.333333333333
40|38	129|40	0.333333333333
40|38	35|40	0.333333333333
40|38	33|40	0.0833333333333
40|38	42|40	1.0
40|38	52|40	0.142857142857
40|38	45|40.38	1.0
40|38	28|	0.0833333333333
40|38	38|40	0.666666666667
40|38	41|40	1.0
40|38	39|40	0.6
40|38	33|40.38	1.0
48|53.55	60|48	1.0
61|63.61.60	60|61.63	1.0
28|29	30|28.29	1.0
65|64	67|65	0.666666666667
65|64	72|65	0.111111111111
65|64	129|65	0.454545454545
65|64	70|65	0.25
65|64	73|65	0.125
65|64	79|65	0.111111111111
65|64	67|65.64	1.0
65|64	57|65	0.222222222222
65|64	58|65	0.111111111111
65|64	60|65	1.0
65|64	76|65	0.047619047619
65|64	62|65	0.142857142857
65|64	69|65	0.25
65|64	64|65	0.333333333333
65|64	74|65	0.142857142857
65|64	129|65.64	1.0
65|64	66|65	0.666666666667
65|64	71|65	0.5
65|64	82|65	0.111111111111
65|64	56|65	0.0833333333333
65|64	63|65	0.125
65|64	64|65.64	0.25
77|82	80|77	1.0
77|82	81|77.82	1.0
30|32	28|30	1.0
63|67.70	65|63.67.70	1.0
56|65	60|56	1.0
56|65	58|56	1.0
56|65	55|56	1.0
56|65	64|56	1.0
56|65	65|56	1.0
45|43.44	46|45	1.0
61|56.57	57|61	1.0
87|83.90	95|87	1.0
69|55	57|69	1.0
69|55	71|69	1.0
63|65.74	71|63	1.0
129|30.31.29	33|129.30	1.0
55|129.58	53|55	1.0
33|31.36	35|33.31.36	1.0
35|53.35.57	57|35	0.166666666667
35|53.35.57	49|35.53.35.57	1.0
57|56	56|57	0.4
57|56	60|57	1.0
57|56	50|57	0.666666666667
57|56	52|57.56	0.307692307692
57|56	129|57	1.0
57|56	62|57	1.0
57|56	69|57	0.0769230769231
57|56	64|57	0.153846153846
57|56	45|57	1.0
57|56	59|57.56	1.0
57|56	55|57	0.5
57|56	61|57	0.307692307692
57|56	49|57	0.4
57|56	46|	0.333333333333
57|56	51|57	1.0
57|56	65|57	1.0
57|56	47|57	0.333333333333
57|56	54|57	1.0
129|42.129.46.129.49	46|129	1.0
66|61	73|66	0.333333333333
66|61	64|66.61	0.333333333333
66|61	68|66.61	1.0
66|61	63|66	1.0
66|61	62|66.61	1.0
66|61	69|66.61	1.0
66|61	57|66	1.0
66|61	61|66	0.25
72|74.79	84|72	0.5
72|74.79	74|72.74	1.0
72|74.79	64|72	1.0
72|74.79	79|72	1.0
72|74.79	71|72.74	0.5
57|56.55	59|57.56	1.0
68|67	63|68	0.5
68|67	62|68	0.25
68|67	72|68	0.25
68|67	63|68.67	1.0
68|67	67|68.67	1.0
68|67	129|68	0.25
68|67	65|68	0.25
68|67	77|	0.2
68|67	67|68	0.888888888889
68|67	70|68.67	1.0
68|67	56|68	0.0714285714286
68|67	64|68	0.125
68|67	69|68.67	1.0
77|78.74	71|77	1.0
47|45.52	49|47.45	1.0
43|36.24	36|43.36.24	1.0
49|48	53|49	0.333333333333
49|48	65|49	1.0
49|48	44|49	0.333333333333
49|48	51|49	0.333333333333
49|48	48|49	0.5
49|48	129|49	1.0
49|48	58|49	0.5
49|48	57|49	0.5
49|48	61|49	0.25
49|48	45|49	0.333333333333
49|48	47|49	1.0
49|48	52|49	0.333333333333
33|28.35	35|33.28.35	1.0
88|78	94|	1.0
62|63.65.60	67|62	1.0
70|69.129.70.129	72|70	1.0
41|22	46|41	1.0
71|64.61	61|	1.0
77|79.81.69	74|77.79	1.0
65|64.56	70|65	1.0
62|54.57	57|62.54	1.0
90|85	100|	0.142857142857
90|85	82|90	0.428571428571
90|85	81|90	0.428571428571
129|42.129.42	57|129	0.0267857142857
129|42.129.42	42|129.42	0.830357142857
129|42.129.42	49|129	0.115384615385
129|42.129.42	43|129	0.0357142857143
129|42.129.42	35|129	0.00892857142857
129|42.129.42	46|129	0.884615384615
69|67.66.67.66	72|69.67	1.0
29|41.39	34|29	0.833333333333
29|41.39	46|29	0.166666666667
65|74	63|65.74	1.0
65|74	72|65	0.333333333333
65|74	75|65	0.5
65|74	67|65	1.0
65|74	74|65	0.5
65|74	63|65	1.0
40|37	45|40	0.666666666667
40|37	44|40	0.25
40|37	32|	0.25
40|37	42|40	1.0
40|37	25|40	0.666666666667
40|37	34|40	0.166666666667
40|37	28|	0.333333333333
40|37	38|40	0.0833333333333
40|37	39|40	0.5
129|65.62	74|129	0.4
129|65.62	65|129.65	0.2
129|65.62	67|129	0.4
79|61	84|79	1.0
129|41.129.41	34|129.41	0.333333333333
129|41.129.41	43|129	0.333333333333
129|41.129.41	38|129	0.125
129|41.129.41	36|129.41	0.333333333333
129|41.129.41	41|129.41.129.41	1.0
33|35.33.35	37|33.35	0.0512820512821
33|35.33.35	30|33	0.666666666667
33|35.33.35	35|33.35	0.230769230769
33|35.33.35	34|33	0.0512820512821
129|46.129.42.129.46	42|129.46.129.42.129.46	1.0
64|65.64.65	63|64.65	1.0
57|35	35|57	1.0
41|40	37|41	0.4
41|40	42|41	1.0
41|40	50|41	1.0
41|40	39|41	0.166666666667
41|40	129|41	0.333333333333
41|40	36|41	0.333333333333
41|40	29|41.40	1.0
41|40	24|41	0.333333333333
41|40	31|41	0.166666666667
41|40	48|41	0.166666666667
41|40	43|41	0.166666666667
41|40	55|41	0.2
129|72.76	70|129.72	1.0
69|70.74	74|69	1.0
65|64.69	72|65	1.0
65|64.69	64|65.64	1.0
30|31	31|30	1.0
30|31	129|30	0.857142857143
30|31	28|30	0.142857142857
30|31	29|30	1.0
72|71.72.71	70|72.71	0.333333333333
72|71.72.71	69|72	0.333333333333
72|71.72.71	74|72.71.72	0.333333333333
67|129.70	70|67	0.666666666667
67|129.70	129|67	0.333333333333
69|67.66	60|69	0.5
69|67.66	66|69.67	0.333333333333
69|67.66	71|69.67.66	0.666666666667
69|67.66	67|69.67	0.5
129|65.129.62	69|129	1.0
63|62.60.58.56	56|63	1.0
61|67	58|61	0.25
61|67	64|61	0.5
61|67	65|61	1.0
61|67	66|61	0.5
61|67	67|61	0.75
61|67	59|61	1.0
65|60.52	70|65	1.0
81|74	72|81	0.333333333333
81|74	82|81	0.5
81|74	83|81	0.333333333333
81|74	74|81	0.333333333333
81|74	77|81	0.333333333333
81|74	76|81	1.0
81|74	79|81.74	1.0
81|74	79|81	0.333333333333
81|74	80|81.74	0.333333333333
81|74	78|81	0.333333333333
53|48.49	58|53	0.25
53|48.49	129|53	0.75
33|38	35|33	0.6
33|38	38|33	0.5
33|38	36|33	0.8
33|38	31|33	0.3
33|38	28|33	1.0
33|38	37|33	0.5
33|38	44|33	1.0
33|38	40|33	0.1
81|78	80|81	1.0
81|78	79|81.78	1.0
81|78	76|81	0.5
81|78	78|81	1.0
81|78	86|81	0.333333333333
81|78	71|81	1.0
57|55.54	60|57	0.285714285714
57|55.54	59|57.55	0.714285714286
62|71	64|62.71	0.2
62|71	61|62	1.0
50|49.50.49	47|50	1.0
22|38	41|22	1.0
65|63.58	62|65	1.0
65|63.58	67|65.63	1.0
67|66.67	66|67.66.67	1.0
67|66.67	129|67.66.67	1.0
67|66.67	64|67	0.5
67|66.67	69|67	1.0
129|46.129.46.129.53	46|129.46.129.46.129.53	1.0
29|45	48|29	1.0
29|45	48|29.45	1.0
79|82	81|79	0.272727272727
79|82	75|79	0.5
79|82	70|79	0.5
79|82	82|79	0.0909090909091
79|82	76|79	0.5
79|82	78|79	0.181818181818
79|82	84|79	0.0909090909091
79|82	77|79.82	0.5
72|70.63	68|72	1.0
66|64.57	64|66	1.0
72|65	64|72	0.285714285714
72|65	69|72	0.142857142857
72|65	65|72	0.142857142857
72|65	70|72	1.0
72|65	70|72.65	1.0
72|65	71|72	1.0
72|65	68|72	0.142857142857
72|65	77|72	0.333333333333
72|65	67|72	0.285714285714
72|65	76|72	1.0
72|65	63|72	0.333333333333
72|65	74|72	1.0
129|44.129.44.129.44.129.44.129.49	46|129.44.129.44.129.44.129.44.129.49	1.0
59|35	42|59.35	0.5
59|35	35|59	0.4
59|35	40|59	0.6
67|65.63.62.55	69|67.65	1.0
37|32.30.129	129|37	1.0
58|63	60|58	0.5
58|63	60|58.63	0.6
58|63	61|58	1.0
58|63	56|58	0.333333333333
58|63	74|58	1.0
58|63	129|58	1.0
58|63	63|58.63	1.0
58|63	65|58	0.5
58|63	62|58.63	1.0
58|63	55|58	0.5
41|57	48|41.57	1.0
41|57	39|41	1.0
76|77.79.81.77	73|76	1.0
21|	40|21	1.0
21|	34|21	1.0
21|	27|	1.0
21|	36|21	1.0
43|48	55|43	0.5
43|48	36|43	0.5
43|48	129|43	0.333333333333
43|48	41|43	0.333333333333
43|48	48|43	0.5
43|48	48|43.48	0.5
43|48	46|43	0.5
43|48	44|43	0.333333333333
43|48	36|43.48	0.5
43|48	42|43	0.166666666667
43|48	40|43	1.0
43|48	45|43.48	0.25
43|48	35|43	1.0
43|48	49|43	0.5
43|48	47|43	0.333333333333
43|48	30|43	0.166666666667
49|40.35.41	57|49	1.0
68|70.68	72|68.70	0.142857142857
68|70.68	67|68	0.857142857143
41|46.33	50|41	1.0
40|39	44|40	0.2
40|39	37|40	0.666666666667
40|39	129|40	0.4
40|39	49|40	1.0
40|39	43|40	1.0
40|39	42|40	0.142857142857
40|39	35|40	0.428571428571
40|39	52|40	1.0
40|39	45|40.39	1.0
40|39	38|40	0.142857142857
40|39	41|40	1.0
40|39	39|40	0.333333333333
51|52	52|51	0.5
51|52	53|51	0.2
51|52	50|51	1.0
51|52	47|51	0.25
51|52	49|51	1.0
51|52	129|51	0.2
51|52	48|51	1.0
51|52	32|51	0.5
51|52	56|51.52	1.0
51|52	54|51	0.25
51|52	55|51	0.4
41|42	37|41	0.0833333333333
41|42	39|41	0.333333333333
41|42	45|41	0.181818181818
41|42	43|41	0.181818181818
41|42	44|41	0.272727272727
41|42	129|41	0.333333333333
41|42	36|41	0.181818181818
41|42	33|41	0.333333333333
41|42	47|41	0.5
41|42	40|41	0.5
41|42	29|41	0.181818181818
49|36.42	38|49	0.2
49|36.42	42|49.36.42	0.333333333333
49|36.42	46|49.36	0.2
54|59	62|54.59	1.0
54|59	55|54.59	1.0
54|59	61|54	1.0
54|59	58|54	0.166666666667
54|59	53|54	1.0
54|59	57|54.59	1.0
54|59	51|54	1.0
37|51.49	51|37.51.49	1.0
129|55.52	55|129.55	1.0
50|49	48|50	0.2
50|49	55|50	0.4
50|49	51|50	1.0
50|49	38|50	0.2
50|49	40|50	0.0909090909091
50|49	37|	0.2
50|49	47|50	0.2
50|49	49|50.49	0.4
50|49	52|50.49	0.8
50|49	129|50	0.0952380952381
50|49	57|50	0.5
50|49	53|50	0.5
50|49	54|50.49	0.2
50|49	61|50	1.0
50|49	54|50	0.2
50|49	63|	1.0
50|49	45|50	1.0
38|53.38	51|38.53	1.0
41|46.48	29|41	1.0
30|31.30	28|30	1.0
61|	74|61	1.0
61|	54|61	0.228571428571
61|	45|61	0.0142857142857
61|	64|61	0.166666666667
61|	69|61	1.0
61|	51|61	0.181818181818
61|	60|61	0.142857142857
61|	71|	0.166666666667
61|	55|61	1.0
61|	72|61	1.0
61|	79|61	1.0
61|	47|	0.0428571428571
61|	68|61	0.133333333333
61|	38|61	1.0
61|	67|61	0.0434782608696
61|	76|61	1.0
61|	52|61	0.114285714286
61|	63|61	0.428571428571
61|	56|61	0.0909090909091
61|	73|61	0.0666666666667
61|	66|61	0.285714285714
61|	129|61	0.5
61|	53|61	1.0
61|	62|61	1.0
61|	58|61	0.0909090909091
61|	46|61	0.333333333333
61|	49|61	0.142857142857
61|	57|61	0.142857142857
61|	65|61	0.142857142857
61|	70|61	0.0212765957447
61|	36|61	1.0
61|	59|61	0.333333333333
56|51.52	53|56	1.0
55|129	53|55	0.333333333333
55|129	50|55	1.0
55|129	51|55	0.5
55|129	56|55	0.5
55|129	129|55.129	1.0
55|129	57|55	0.666666666667
55|129	54|55	0.5
55|129	62|55	0.5
55|129	48|55	0.333333333333
55|129	60|55	0.333333333333
59|58.56	60|59.58	1.0
51|50.48.46.44	46|51	0.5
51|50.48.46.44	55|51	0.5
60|62.86	81|	1.0
65|71	71|65	0.5
65|71	62|65	1.0
65|71	72|65	0.5
88|89.91	86|88.89	0.5
88|89.91	89|88.89.91	1.0
60|129.56	61|60	1.0
77|67	71|77	1.0
41|53.48	45|41	0.666666666667
41|53.48	48|41	0.333333333333
62|63.65.62	60|62.63.65.62	1.0
70|62	74|70	0.5
70|62	67|70	0.5
70|62	65|70	1.0
70|62	62|70	1.0
70|62	69|70	1.0
69|67.66.72	71|69.67.66.72	1.0
79|65	82|79	1.0
80|81.74	79|80	1.0
57|63	60|57	1.0
57|63	63|57	0.571428571429
57|63	62|57	0.428571428571
57|63	54|57	1.0
82|	84|82	0.0833333333333
82|	74|82	1.0
82|	90|82	0.333333333333
82|	80|82	0.142857142857
82|	58|	0.333333333333
82|	85|82	0.136363636364
82|	73|82	0.318181818182
82|	83|82	1.0
82|	88|82	0.666666666667
82|	81|82	0.166666666667
82|	77|82	0.0454545454545
82|	129|82	0.25
82|	62|	0.166666666667
82|	72|82	1.0
82|	79|82	0.0909090909091
82|	86|82	0.125
82|	76|82	0.333333333333
82|	78|	0.0454545454545
82|	87|82	0.0833333333333
82|	91|	0.25
82|	69|82	1.0
82|	70|82	0.117647058824
82|	75|	0.111111111111
53|48.43	41|53.48	1.0
53|48.43	55|53.48	1.0
53|52	52|53.52	0.2
53|52	59|53	0.5
53|52	50|53	0.142857142857
53|52	48|53	0.5
53|52	52|53	0.6
53|52	65|53	0.0833333333333
53|52	54|53	1.0
53|52	41|53.52	1.0
53|52	45|53	0.25
53|52	57|53.52	0.5
53|52	51|53	0.2
53|52	60|53	0.25
53|52	49|53	0.166666666667
53|52	55|53.52	1.0
53|52	55|53	0.5
129|67.66	69|129.67	1.0
129|67.66	67|129.67.66	1.0
129|67.66	55|129	0.333333333333
53|66	66|53	1.0
129|38	31|129	0.277777777778
129|38	49|129.38	0.285714285714
129|38	50|129	0.5
129|38	36|129.38	1.0
129|38	41|129	0.0666666666667
129|38	51|129.38	0.142857142857
129|38	43|129	0.142857142857
129|38	34|129	1.0
129|38	40|129	0.195652173913
129|38	33|129	0.152173913043
129|38	39|129	1.0
129|38	46|129	0.2
129|38	44|129.38	0.0909090909091
129|38	38|129.38	1.0
63|65.62	62|63.65.62	1.0
32|51	34|32	1.0
48|42	51|48	0.5
48|42	47|48	0.5
48|42	43|48	1.0
81|77.82	76|81.77	1.0
129|34.129.34	41|129.34.129	1.0
59|57.59	61|59.57.59	1.0
59|57.59	57|59.57.59	1.0
59|57.59	64|59.57.59	0.0125
59|57.59	55|59	1.0
59|57.59	50|59	0.5
55|54.55	52|55	1.0
56|54	57|56	1.0
56|54	58|56	0.25
56|54	55|56	1.0
56|54	54|56	0.25
56|54	61|56.54	0.5
56|54	57|56.54	1.0
56|54	53|56	0.6
56|54	52|56	0.25
56|54	129|56	0.1
57|49	56|57	1.0
57|49	49|57	0.5
57|49	48|57	1.0
57|49	40|57	0.5
57|49	50|57.49	1.0
53|60	65|53.60	1.0
53|60	57|53	0.25
53|60	60|53	0.25
53|60	59|53	0.5
53|60	62|53	1.0
53|60	52|53	0.75
53|60	54|53	1.0
53|60	61|53	1.0
53|60	58|53	1.0
53|60	48|53.60	1.0
53|60	56|53.60	1.0
53|60	63|	1.0
53|60	46|53	1.0
61|48	58|61	1.0
62|129.60	63|62	1.0
66|67.60	60|66	1.0
57|50.57.49	45|57	1.0
30|44	37|30.44	0.25
48|129.53	129|48.129.53	1.0
71|129.74	129|71.129	1.0
30|33	31|30	0.857142857143
30|33	28|30	0.142857142857
30|33	40|30	0.0967741935484
30|33	28|30.33	0.0714285714286
52|50	50|52	0.666666666667
52|50	39|52	0.111111111111
52|50	64|52	0.142857142857
52|50	53|52.50	1.0
52|50	54|52.50	0.4
52|50	48|52	0.333333333333
52|50	55|52.50	1.0
52|50	57|52	0.5
52|50	47|52	0.333333333333
52|50	40|52	0.333333333333
52|50	45|52.50	0.4
52|50	49|52	1.0
35|33.32	40|35	0.333333333333
35|33.32	37|35.33	0.333333333333
35|33.32	33|35	0.333333333333
72|78	71|72.78	1.0
72|78	74|72	0.333333333333
34|21	41|34	1.0
53|55.54	52|53.55.54	1.0
129|26	26|129	0.666666666667
129|26	33|129	0.333333333333
60|57.62	62|60.57.62	1.0
63|62.60	60|63	1.0
63|62.60	65|63.62	1.0
63|62.60	62|63.62	0.363636363636
63|62.60	65|63.62.60	0.636363636364
77|80	78|77	1.0
77|80	79|77	0.333333333333
77|80	75|77.80	1.0
77|80	72|77	1.0
77|80	80|77	0.333333333333
77|80	76|77.80	1.0
74|73.69	78|74	1.0
81|79	70|81	0.166666666667
81|79	80|81	1.0
81|79	90|81	1.0
81|79	84|81	0.0526315789474
81|79	82|81	0.333333333333
81|79	83|81	0.526315789474
81|79	74|81	0.5
81|79	77|81	0.111111111111
81|79	79|81	0.75
81|79	83|81.79	1.0
81|79	78|81	0.25
34|37	37|34	0.5
34|37	39|34	0.5
34|37	35|34	1.0
129|67.129.66	66|129.67	0.333333333333
129|67.129.66	69|129.67	0.166666666667
129|67.129.66	67|129.67.129.66	1.0
129|67.129.66	72|129	1.0
66|65	129|66	0.666666666667
66|65	67|66	0.25
66|65	68|66	1.0
66|65	62|66	1.0
66|65	69|66	1.0
66|65	59|66	0.25
66|65	54|66	1.0
66|65	67|66.65	1.0
66|65	70|66	1.0
66|65	65|66	0.5
49|36.51	51|49	1.0
64|61.56	63|64	1.0
68|69.71	69|68.69.71	1.0
48|52	54|48	0.142857142857
48|52	55|48	0.5
48|52	67|	0.333333333333
48|52	129|48	0.142857142857
48|52	43|48	1.0
48|52	50|48	0.333333333333
48|52	53|48.52	1.0
48|52	62|	0.333333333333
48|52	52|48	0.5
48|52	41|48.52	1.0
48|52	53|48	1.0
46|42.36	44|46.42.36	0.166666666667
41|45	43|41	0.4
41|45	45|41	0.2
41|45	29|41	0.4
77|73	79|77	1.0
40|	50|40	0.0161290322581
40|	48|40	0.0161290322581
40|	44|40	0.0645161290323
40|	41|40	0.0967741935484
40|	54|40	1.0
40|	45|40	0.0161290322581
40|	55|	0.0689655172414
40|	49|40	0.333333333333
40|	42|40	0.0161290322581
40|	29|40	1.0
40|	64|	0.190476190476
40|	57|40	0.5
40|	51|	0.5
40|	129|40	0.225806451613
40|	35|40	0.0483870967742
40|	27|	0.0161290322581
40|	31|	0.0161290322581
40|	43|40	0.0714285714286
40|	59|	0.379310344828
40|	52|40	0.190476190476
40|	36|40	0.5
40|	47|40	0.0645161290323
40|	39|40	0.0322580645161
40|	32|	0.0161290322581
40|	46|40	0.0483870967742
40|	37|40	0.047619047619
40|	25|40	1.0
40|	28|	0.0909090909091
40|	38|40	0.129032258065
40|	34|40	0.142857142857
40|	33|40	0.0483870967742
40|	24|40	1.0
51|54	53|51	1.0
51|54	50|51	0.333333333333
51|54	47|51	1.0
51|54	62|	0.666666666667
51|54	43|	1.0
51|54	54|51	1.0
87|90	95|87	1.0
58|60	59|58	0.25
58|60	63|58.60	1.0
58|60	60|58	0.722222222222
58|60	56|58	0.5
58|60	56|58.60	1.0
58|60	62|58	0.25
58|60	55|58.60	1.0
58|60	129|58	0.666666666667
58|60	41|58	0.166666666667
58|60	55|58	0.333333333333
58|60	67|58	0.666666666667
58|60	57|58	0.0555555555556
58|60	61|58	0.5
58|60	63|58	0.125
58|60	53|58	0.6
58|60	65|58	1.0
58|60	70|58	0.0555555555556
71|72.71	69|71.72	0.5
71|72.71	72|71.72	0.875
71|72.71	72|71.72.71	0.333333333333
71|72.71	69|71	0.125
71|72.71	74|71	1.0
76|81.77	79|76.81	1.0
42|59.42.59.35	37|42	1.0
75|72.79	82|75	1.0
47|46	53|47	0.166666666667
47|46	46|47	0.5
47|46	38|47	0.166666666667
47|46	50|47	0.4
47|46	45|47	0.2
47|46	69|47	0.5
47|46	51|47	0.25
47|46	49|47	0.5
47|46	39|	0.166666666667
47|46	55|47	1.0
47|46	44|47	0.5
47|46	59|47	0.5
47|46	48|47	1.0
47|46	43|47	0.25
47|46	42|47	0.5
78|79	79|78.79	0.3
78|79	74|78	0.25
78|79	90|78	0.333333333333
78|79	77|78	0.4
78|79	80|78	1.0
78|79	76|78	0.4
78|79	81|78	0.3
78|79	71|78	0.0714285714286
78|79	67|78	0.166666666667
78|79	129|78	0.25
78|79	74|78.79	0.0769230769231
78|79	66|	0.25
47|45.44	44|47	0.888888888889
47|45.44	40|47	0.111111111111
55|50	129|55	0.333333333333
55|50	53|55	0.5
55|50	50|55	1.0
55|50	58|55.50	1.0
55|50	129|55.50	1.0
55|50	57|55	0.4
55|50	47|55	0.4
55|50	51|55	1.0
55|50	48|55	0.5
55|50	52|55	1.0
55|50	59|55	0.2
78|129	76|78	1.0
78|129	79|78.129	0.5
51|129.38	129|51.129.38	1.0
69|66.69	71|69.66.69	1.0
82|71	83|82	1.0
62|63.62	63|62.63	0.75
62|63.62	65|62.63	0.25
76|65	77|76.65	1.0
74|77.74	86|	0.5
74|77.74	73|74.77	0.5
47|59	57|47	0.333333333333
47|59	63|	0.166666666667
47|59	59|47	0.5
90|88	93|90	0.5
90|88	99|	0.25
90|88	92|90	0.25
129|46.129	48|129	0.214285714286
129|46.129	51|129	1.0
129|46.129	43|129	0.214285714286
129|46.129	41|129	0.571428571429
65|64.63	69|65	0.333333333333
65|64.63	66|65	1.0
65|64.63	58|65	0.333333333333
65|64.63	60|65	0.333333333333
67|70.72	63|67	0.2
67|70.72	72|67.70	0.2
67|70.72	65|67.70	1.0
77|79.75	74|77	1.0
66|47	52|66	1.0
60|54	46|60	1.0
58|57.60	55|58	1.0
56|41	50|56	1.0
83|89	84|83.89	1.0
49|42.44	46|49	0.2
49|42.44	36|49	0.8
32|29	31|32	1.0
77|81.79.77	75|77.81	0.4
77|81.79.77	72|77	0.6
72|68	73|72	1.0
72|68	67|72	0.25
72|68	65|72	0.5
72|68	70|72	0.333333333333
72|68	71|72	0.333333333333
72|68	74|72.68	1.0
72|68	77|72	0.5
72|68	70|72.68	1.0
72|68	75|72	0.25
72|68	68|72	0.25
74|72.71	76|74	0.2
74|72.71	69|74	0.2
74|72.71	77|74.72	0.6
63|65.58	129|63	1.0
39|50	51|39	1.0
66|67.69	69|66	0.0833333333333
66|67.69	64|66.67	0.5
66|67.69	76|66	0.333333333333
66|67.69	67|66.67	0.0833333333333
66|69.74	73|66	0.5
66|69.74	67|66.69	0.5
41|29	43|41	1.0
41|29	31|41	0.333333333333
41|29	29|41.29	1.0
41|29	34|41	1.0
79|91	81|79	0.666666666667
79|91	87|79	0.333333333333
53|129.50	129|53.129.50	1.0
55|56.60	60|55	1.0
76|79.77.79	70|76	1.0
36|51.38	44|36	1.0
37|30.32.34	36|37	1.0
65|69.72	64|65.69	0.5
65|69.72	77|65	0.5
71|64.59	63|71	1.0
35|46.40	40|35.46	0.842105263158
35|46.40	46|35.46.40	1.0
81|83.80	86|81	1.0
63|64.65	62|63	1.0
63|64.65	56|63	1.0
62|81	63|62	1.0
36|24	43|36.24	1.0
36|24	50|36	0.25
36|24	38|36	0.25
36|24	41|36	0.666666666667
36|24	24|36	0.25
24|39	43|24	1.0
55|57.54	59|55.57	0.833333333333
55|57.54	52|55	0.166666666667
65|70	69|65	1.0
65|70	68|65.70	0.2
65|70	72|65	0.5
65|70	66|65	1.0
65|70	75|65	0.5
65|70	67|65	1.0
65|70	70|65.70	0.166666666667
65|70	60|65	0.4
65|70	62|65	1.0
35|40.35.49.40	53|35.40	1.0
129|60	62|129.60	1.0
129|60	60|129	1.0
129|60	59|129	0.5
129|60	62|129	0.666666666667
129|60	72|129.60	1.0
129|60	52|129	1.0
129|60	65|129	0.142857142857
129|60	67|129	1.0
129|60	56|129	0.545454545455
129|60	61|129	0.363636363636
129|60	58|129	0.117647058824
129|60	63|129	0.0909090909091
129|60	54|	0.5
129|60	53|129	1.0
70|74	74|70	0.5
70|74	58|70	0.25
70|74	71|70	0.5
70|74	72|70.74	1.0
70|74	67|70	1.0
70|74	62|70	0.3
70|74	69|70.74	0.5
70|74	82|70	0.1
70|74	68|70.74	1.0
70|74	75|70	1.0
50|	36|50	0.130434782609
50|	59|50	0.037037037037
50|	41|50	0.130434782609
50|	60|50	0.222222222222
50|	48|50	0.272727272727
50|	55|50	0.0909090909091
50|	64|50	1.0
50|	29|50	1.0
50|	51|50	0.3
50|	68|50	1.0
50|	38|50	0.0454545454545
50|	40|50	0.0869565217391
50|	33|	0.0588235294118
50|	37|	0.037037037037
50|	47|50	0.0909090909091
50|	56|50	1.0
50|	39|50	1.0
50|	43|50	0.0454545454545
50|	129|50	0.217391304348
50|	52|50	0.363636363636
50|	62|50	0.04
50|	46|50	0.189189189189
50|	44|	0.2
50|	57|50	0.204081632653
50|	42|50	0.04
50|	53|50	0.3
50|	61|50	1.0
50|	49|50	0.0454545454545
50|	30|	0.0434782608696
50|	54|50	0.04
50|	63|	0.2
50|	45|50	0.0454545454545
65|68	70|65	0.5
65|68	71|65	0.5
65|68	62|65	1.0
65|68	67|65	1.0
65|68	63|65.68	0.666666666667
65|68	60|65	1.0
65|68	67|65.68	1.0
65|68	61|65	0.5
65|68	68|65	1.0
65|68	63|65	0.2
68|65	70|68.65	0.5
68|65	74|68	1.0
68|65	70|68	0.2
68|65	67|68	0.333333333333
68|65	76|68	0.142857142857
68|65	72|68	0.181818181818
68|65	69|68	0.166666666667
68|65	77|	1.0
68|65	67|68.65	1.0
68|65	71|68	0.333333333333
68|65	66|68	0.8
68|65	59|68	0.428571428571
68|65	65|68	0.333333333333
45|46.45	46|45.46	1.0
34|	29|34	1.0
34|	38|34	0.190476190476
34|	31|34	0.0666666666667
34|	43|34	0.0952380952381
34|	46|34	0.0425531914894
34|	35|34	0.148936170213
34|	39|34	0.222222222222
34|	30|34	1.0
34|	45|34	1.0
34|	50|	0.0952380952381
34|	32|34	0.047619047619
34|	41|34	0.191489361702
34|	51|34	1.0
34|	36|34	0.0851063829787
34|	44|34	1.0
34|	55|34	1.0
34|	40|34	0.063829787234
34|	37|34	0.191489361702
34|	129|34	0.191489361702
34|	48|34	1.0
34|	42|	0.0408163265306
34|	33|34	0.047619047619
34|	22|	0.142857142857
46|44.24	47|46	1.0
129|81	59|129	0.5
129|81	78|129	0.333333333333
129|81	69|129	0.333333333333
129|81	66|129.81	1.0
129|81	80|129	1.0
129|81	72|129	0.2
129|81	61|129	0.333333333333
129|81	79|129	0.333333333333
129|81	84|129	1.0
129|81	76|129	1.0
129|81	74|129	1.0
129|81	81|129.81	0.8
129|81	85|	0.285714285714
129|81	86|129	0.214285714286
129|81	73|129	0.333333333333
67|129.69	129|67	1.0
71|64	67|71	1.0
71|64	73|71.64	1.0
71|64	66|71	0.142857142857
71|64	75|71	0.5
71|64	69|71.64	1.0
71|64	78|71	0.5
55|53.64	48|55	1.0
70|72.68	74|70	1.0
70|72.68	65|70	1.0
80|82	77|80	0.5
80|82	79|80	0.5
80|82	86|	0.5
80|82	87|80	0.5
41|43.38	40|41.43	1.0
57|56.54	51|57	0.5
57|56.54	54|57	0.5
38|51.44	39|38.51.44	0.25
61|51	58|61	1.0
61|51	46|61	1.0
46|29	43|46	1.0
66|62.66.62	62|66.62	0.333333333333
66|62.66.62	68|66	0.666666666667
51|46.44	129|51.46.44	0.333333333333
57|59.56	58|57	1.0
67|69.67	69|67.69	0.117647058824
67|69.67	66|67.69.67	1.0
67|69.67	64|67.69	0.882352941176
76|74.76.77	74|76.74	0.333333333333
76|74.76.77	77|76.74.76.77	0.5
93|83	95|93	1.0
55|56.53	53|55	1.0
55|56.53	51|55	1.0
81|93	83|81.93	1.0
81|93	88|81	0.4
81|93	87|81	0.2
70|72.71	72|70.72	1.0
38|36.35.33.36	39|38.36	1.0
57|48	58|57	1.0
57|48	41|57	0.166666666667
57|48	43|57	0.166666666667
57|48	48|57	1.0
57|48	54|57	0.166666666667
57|48	52|57	0.166666666667
57|48	53|57	0.333333333333
57|48	56|57.48	1.0
57|48	47|57	1.0
38|129.50	129|38.129.50	0.5
54|49.56	47|54	0.5
54|49.56	49|54	0.5
90|82	97|	0.333333333333
90|82	78|90	0.666666666667
81|74.77	80|81.74	1.0
72|74.70	129|72.74	0.666666666667
72|74.70	71|72	0.25
72|74.70	70|72.74.70	1.0
72|74.70	82|72	0.5
72|74.70	75|72	1.0
72|74.70	70|72.74	0.25
129|42.129.57	42|129.42	1.0
62|70	70|62	0.333333333333
62|70	67|62	1.0
62|70	60|62	0.5
62|70	63|62	0.5
62|70	75|	0.333333333333
62|70	65|62	1.0
59|60.62	62|59	1.0
39|36	53|39	0.333333333333
39|36	43|39	0.166666666667
39|36	44|39	0.333333333333
39|36	24|39	0.666666666667
39|36	51|39.36	0.666666666667
39|36	42|39	0.166666666667
39|36	129|39	0.166666666667
39|36	41|39	0.166666666667
39|36	36|39.36	0.5
39|36	38|39.36	0.111111111111
61|63	63|61	0.333333333333
61|63	54|61	0.5
61|63	63|61.63	0.5
61|63	56|61	0.75
61|63	64|61	0.5
61|63	66|61	0.0597014925373
61|63	129|61	0.179104477612
61|63	60|61	0.5
61|63	60|61.63	0.194029850746
61|63	58|61	0.119402985075
61|63	59|61.63	1.0
61|63	65|61	0.0746268656716
61|63	52|61	1.0
61|63	59|61	0.25
61|63	64|61.63	1.0
45|60	52|45	1.0
45|60	47|45.60	1.0
71|74.72	77|71	1.0
51|50.48.43	50|51.50.48.43	1.0
38|35.30	42|38	1.0
46|50	53|46	0.428571428571
46|50	43|46	0.333333333333
46|50	51|46	0.428571428571
46|50	45|46.50	0.333333333333
46|50	44|46	0.333333333333
46|50	49|46	0.5
46|50	48|46	1.0
46|50	50|46	0.5
46|50	58|46	0.142857142857
74|76.79	72|74	1.0
55|39.38	35|55	0.5
55|39.38	44|55	0.5
54|53	50|54	0.333333333333
54|53	55|54	0.5
54|53	47|54	1.0
54|53	57|54	0.5
54|53	56|54	0.5
54|53	49|54	0.111111111111
60|61.63	61|60	0.8
60|61.63	61|60.61.63	0.25
60|61.63	58|60	0.153846153846
60|61.63	55|60	0.5
60|61.63	56|60	0.153846153846
60|61.63	72|60	0.5
60|61.63	129|60	0.384615384615
60|53.55	52|60	1.0
70|69.67	69|70.69	1.0
70|69.67	74|70	1.0
70|69.67	63|70	1.0
45|129	44|45	1.0
45|129	43|45.129	0.111111111111
45|129	57|45	1.0
45|129	31|	0.111111111111
45|129	129|45.129	1.0
45|129	40|45	0.777777777778
45|129	52|45	0.5
45|129	129|45	1.0
45|129	50|45	0.666666666667
54|55.52.54	57|54.55	0.75
54|55.52.54	58|54	0.25
69|68.67	70|69.68	1.0
53|55.52	55|53.55.52	1.0
68|63.68.67	72|68	1.0
50|48	51|50	0.75
50|48	52|50	0.6
50|48	43|50	0.5
50|48	38|50	0.2
50|48	48|50	0.5
50|48	48|50.48	0.666666666667
50|48	49|50	0.1
50|48	46|50	0.25
50|48	47|50	0.2
50|48	55|50	0.6
50|48	45|50	0.2
50|48	43|50.48	0.333333333333
73|77	74|73.77	1.0
73|77	64|73	1.0
73|77	72|73.77	1.0
73|77	75|73	0.5
73|77	85|73	0.5
52|56	51|52	1.0
52|56	54|52	0.5
52|56	57|52	1.0
52|56	56|52	0.5
52|56	49|52	0.5
52|56	47|52	1.0
52|56	55|52	0.333333333333
52|56	53|52.56	1.0
72|69.72	69|72	1.0
72|69.72	70|72.69	1.0
63|72	62|63	0.4
63|72	62|63.72	1.0
63|72	61|63	1.0
63|72	72|63.72	0.666666666667
63|72	68|63	0.5
63|72	70|63	0.333333333333
63|72	67|63	0.5
63|72	65|63	0.2
57|62	59|57.62	0.222222222222
57|62	56|57	0.5
57|62	129|57	1.0
57|62	62|57	1.0
57|62	66|57	1.0
57|62	55|57	0.428571428571
57|62	53|57	0.5
57|62	60|57	0.5
57|62	54|57	0.333333333333
57|62	59|57	0.047619047619
57|62	62|57.62	0.25
57|62	50|57	0.111111111111
57|62	64|57	0.846153846154
57|62	60|57.62	0.75
57|62	58|57	0.166666666667
57|62	61|57	1.0
57|62	64|57.62	1.0
26|27	30|26	1.0
59|60.64	58|59	1.0
59|60.64	62|59	1.0
76|72.67.64	72|76	0.333333333333
76|72.67.64	69|76	0.666666666667
129|48.55	48|129.48	0.5
129|48.55	52|129	0.5
77|86	76|77.86	1.0
69|36	38|69	1.0
39|38.53.39.38	36|39.38.53.39.38	1.0
39|38.53.39.38	59|	0.25
67|72	68|67	0.5
67|72	66|67	1.0
67|72	70|67	0.5
67|72	64|67	0.25
67|72	66|67.72	1.0
67|72	72|67	0.5
67|72	65|67.72	1.0
67|72	69|67.72	0.25
67|72	71|67	1.0
67|72	62|67	1.0
67|72	129|67	0.5
69|67.70	129|69.67	1.0
69|67.70	74|69	0.6
69|67.70	65|69.67	0.2
69|67.70	70|69.67	0.2
38|33.28	36|38	1.0
66|63	129|66	0.333333333333
66|63	68|66	0.5
66|63	71|66	0.666666666667
66|63	69|66	1.0
66|63	60|66	1.0
66|63	63|66	0.5
66|63	65|66	0.333333333333
72|83	71|72.83	1.0
49|47.45	45|49.47.45	1.0
49|47.45	42|49	0.6
49|47.45	50|49	0.1
49|47.45	47|49	1.0
58|129.53	129|58.129.53	1.0
60|58.61	62|60	1.0
64|65.53.60	85|	0.5
64|65.53.60	63|64	0.5
64|47	45|64	1.0
129|88	84|129	1.0
129|88	76|129	1.0
129|88	78|129	1.0
38|36.35.33.48	42|38	1.0
42|129	41|42	0.1
42|129	35|42	1.0
42|129	43|42	0.1
42|129	49|42	0.5
42|129	129|42	0.1
42|129	44|42	0.1
42|129	29|	0.1
80|83	74|80	0.777777777778
80|83	76|80	0.142857142857
80|83	87|80	1.0
80|83	83|80	0.857142857143
80|83	73|	0.222222222222
64|54	57|64	1.0
41|26	43|41.26	1.0
30|28	31|30	0.4
30|28	33|30	0.6
30|28	35|30	0.5
30|28	28|30	0.5
62|64.59	60|62	1.0
52|55	51|52.55	0.333333333333
52|55	47|52	1.0
52|55	53|52.55	1.0
52|55	57|52	0.333333333333
52|55	48|52	0.333333333333
52|55	50|52	0.5
52|55	55|52	0.5
52|55	49|52	1.0
52|55	54|52	0.5
52|55	59|52	1.0
52|55	40|52	1.0
52|55	58|52	1.0
52|55	60|52	0.333333333333
51|34	46|51.34	1.0
59|56	56|59.56	1.0
59|56	62|59	0.5
59|56	61|59	0.5
59|56	60|59	0.25
59|56	58|59.56	1.0
59|56	129|59	0.333333333333
59|56	65|59	0.666666666667
59|56	64|59.56	1.0
59|56	57|59.56	0.5
59|56	56|59	1.0
129|56.57	57|129	1.0
46|31	48|46	1.0
29|34	33|29	1.0
58|62	59|58	0.333333333333
58|62	57|58	0.25
58|62	60|58	0.5
58|62	60|58.62	0.333333333333
58|62	61|58	1.0
58|62	51|58	1.0
58|62	62|58	0.5
58|62	63|58	0.5
58|62	129|58	0.333333333333
58|62	55|58	0.75
51|	40|51	0.00877192982456
51|	67|	0.0714285714286
51|	49|51	0.5
51|	37|51	0.80487804878
51|	58|51	0.5
51|	61|51	0.0857142857143
51|	45|51	1.0
51|	66|51	1.0
51|	70|51	1.0
51|	54|51	1.0
51|	35|51	1.0
51|	65|51	1.0
51|	39|51	0.522727272727
51|	50|51	0.37037037037
51|	32|51	1.0
51|	33|	0.157894736842
51|	69|51	1.0
51|	31|	0.1
51|	62|	0.0952380952381
51|	43|	0.2
51|	38|51	0.268292682927
51|	46|51	0.477272727273
51|	41|	0.0350877192982
51|	42|51	0.0588235294118
51|	53|51	0.518518518519
51|	25|	1.0
51|	63|51	0.0714285714286
51|	56|51	0.1
51|	57|51	0.0571428571429
51|	47|51	0.1
51|	52|51	0.111111111111
51|	129|51	0.4
51|	48|51	0.260869565217
51|	36|51	0.109756097561
51|	59|51	0.00877192982456
51|	60|51	0.171428571429
51|	44|51	0.130434782609
51|	55|51	0.333333333333
61|62	45|61	0.5
61|62	56|61	0.307692307692
61|62	64|61	0.5
61|62	66|61	0.0833333333333
61|62	129|61	1.0
61|62	60|61	0.6
61|62	62|61	0.666666666667
61|62	58|61	1.0
61|62	59|61.62	0.25
61|62	57|61	1.0
61|62	67|61	0.2
61|62	60|61.62	1.0
61|62	52|61	0.166666666667
31|26	43|31	0.571428571429
31|26	33|31.26	1.0
31|26	35|31	1.0
31|26	38|31	0.285714285714
65|62.66	58|65	1.0
61|55	58|61	1.0
61|55	55|61	1.0
61|55	64|61	1.0
61|55	65|61	1.0
61|55	60|61	0.333333333333
61|55	53|61	0.666666666667
78|83.81	92|78	1.0
64|56	65|64.56	1.0
56|51	60|56	1.0
56|51	57|56	1.0
56|51	61|56	0.2
56|51	58|56.51	1.0
56|51	55|56	0.6
56|51	53|56.51	1.0
56|51	53|56	0.25
56|51	65|56	0.4
56|51	129|56	0.2
56|51	48|56	0.333333333333
64|69.73	129|64	1.0
75|72	70|75	1.0
75|72	72|75	1.0
75|72	76|75	1.0
75|72	80|75	0.5
75|72	74|75	1.0
75|72	78|75	0.5
75|72	65|75	1.0
75|72	73|75	1.0
53|48.46	41|53.48.46	1.0
56|58.60	51|56.58	1.0
79|83	89|	1.0
79|83	76|79	0.666666666667
79|83	83|79	0.333333333333
129|81.80	73|129	1.0
129|52	56|129	1.0
129|52	59|129	1.0
129|52	62|129	1.0
129|52	50|129	1.0
129|52	53|129	1.0
129|52	52|129	1.0
40|41.43	45|40.41.43	0.5
64|66.62	67|64	1.0
88|89.93	89|88.89.93	1.0
88|89.93	87|88	0.428571428571
48|51	50|48	0.5
48|51	47|48	0.5
48|51	44|48	0.25
48|51	55|48	0.25
48|51	43|48	0.5
48|51	51|48	1.0
48|51	41|48	0.5
48|51	53|48	0.5
33|40.33.37	50|33	0.5
33|40.33.37	38|33	0.5
35|31	40|35	0.5
35|31	36|35	0.5
35|31	37|35	1.0
65|63.62.55	67|65.63.62.55	1.0
69|70.66	70|69.70.66	1.0
67|68.77	68|67	1.0
129|49.129.38	45|129	1.0
129|49.129.38	42|129	1.0
129|49.129.38	36|129	1.0
129|49.129.38	38|129	1.0
63|65.63	62|63.65	1.0
63|65.63	61|63	0.5
63|65.63	62|63	0.25
63|65.63	61|63.65.63	0.142857142857
63|65.63	65|63	0.25
61|60.58	60|61.60	1.0
50|33	45|50	1.0
50|33	49|50.33	1.0
45|51	51|	1.0
77|74.75	68|77	1.0
50|38	51|50	0.125
50|38	38|50	0.375
50|38	129|50	0.25
50|38	52|50	0.25
50|38	48|50	0.666666666667
50|38	62|50	0.333333333333
50|38	54|50	1.0
50|38	57|50	1.0
129|69.67	66|129.69	1.0
54|50.49	52|54.50.49	1.0
45|49.47.45	42|45.49	1.0
74|129.70	129|74.129.70	1.0
45|64	40|45	1.0
52|49.54	47|52	1.0
45|42.49.36	43|45.42.49.36	1.0
22|	39|	0.0666666666667
22|	38|22	0.857142857143
22|	34|22	0.333333333333
22|	37|22	1.0
22|	41|22	0.5
22|	40|22	1.0
89|81	86|89	1.0
57|52.54	59|57	1.0
68|60	63|68	1.0
68|60	62|68	1.0
68|60	65|68	1.0
68|60	60|68	0.5
68|60	58|68	0.5
68|60	72|68	1.0
77|78.77	79|77.78	1.0
41|129.41.129	36|41	0.333333333333
41|129.41.129	129|41.129.41.129	1.0
41|129.41.129	43|41	0.333333333333
34|129.34.129.41	129|34.129.34.129.41	1.0
37|41	52|	0.142857142857
37|41	39|37	0.5
37|41	51|37	0.142857142857
37|41	25|	0.5
37|41	36|37	0.142857142857
37|41	42|37	0.142857142857
37|41	129|37	0.5
37|41	32|37	0.428571428571
69|72	64|69.72	0.2
69|72	60|69	0.2
69|72	78|69	0.5
69|72	62|69	0.4
69|72	71|69.72	1.0
69|72	65|69	0.333333333333
69|72	72|69	0.125
69|72	65|69.72	0.166666666667
69|72	67|69	0.294117647059
69|72	76|69	1.0
69|72	68|69	0.2
69|72	74|69	0.2
69|72	70|69.72	1.0
69|72	67|69.72	1.0
69|72	72|69.72	1.0
69|72	66|69	0.333333333333
69|129.69.71	71|69.129	0.333333333333
69|129.69.71	67|69	0.666666666667
59|61.64.61	129|59	1.0
37|44.43	35|37	1.0
68|65.70	72|68	0.2
68|65.70	70|68	0.8
129|50.45.129.45	54|	1.0
86|84	88|86	1.0
86|84	84|86	1.0
86|84	84|86.84	0.416666666667
86|84	83|86	0.277777777778
86|84	88|86.84	0.9
86|84	129|86	0.0277777777778
86|84	82|86	0.125
75|66	73|75.66	1.0
75|66	66|75	1.0
62|	35|62	1.0
62|	66|62	0.263157894737
62|	53|62	0.421052631579
62|	63|62	0.5625
62|	47|62	1.0
62|	72|62	0.0555555555556
62|	56|62	0.125
62|	67|62	0.015625
62|	80|	0.230769230769
62|	43|62	0.307692307692
62|	129|62	1.0
62|	52|62	0.153846153846
62|	59|62	0.5
62|	60|62	0.328125
62|	55|62	0.015625
62|	64|62	0.666666666667
62|	71|62	0.4
62|	51|62	0.5
62|	68|62	1.0
62|	58|62	0.0625
62|	61|62	0.5
62|	74|62	1.0
62|	86|62	1.0
62|	54|62	0.153846153846
62|	75|	0.0909090909091
62|	49|	0.2
62|	65|62	0.015625
62|	45|62	1.0
62|	70|62	0.0909090909091
62|	50|62	0.6
62|	69|62	0.0384615384615
62|	48|62	1.0
62|	46|62	0.210526315789
62|	57|62	0.105263157895
39|29	31|39	1.0
67|57	57|67	0.666666666667
67|57	65|67	1.0
67|57	129|67	0.333333333333
129|74.69	72|129	1.0
78|73	83|78	0.333333333333
78|73	81|78	0.333333333333
78|73	70|78	0.333333333333
78|73	69|78	0.666666666667
78|73	73|78	0.333333333333
32|31	37|32.31	1.0
32|31	36|32	1.0
77|76.74.72.74	83|77	1.0
31|129	33|31	0.5
31|129	129|31	1.0
31|129	26|31	0.5
64|69.72	69|64.69.72	1.0
37|38.50	40|37	1.0
50|46	51|50	1.0
50|46	53|50	1.0
50|46	129|50	0.25
50|46	42|50	1.0
50|46	46|50.46	1.0
50|46	49|50	1.0
50|46	55|50	1.0
129|50.55	50|129.50.55	1.0
41|129.43	45|41	1.0
41|129.43	129|41.129.43	1.0
41|43	42|41	1.0
41|43	51|41	0.2
41|43	39|41	0.181818181818
41|43	129|41	0.181818181818
41|43	40|41.43	0.181818181818
41|43	28|	1.0
41|43	48|41.43	1.0
41|43	43|41	0.0909090909091
41|43	33|41	0.181818181818
41|43	38|41	1.0
41|43	40|41	0.8
81|83.88	85|81	1.0
50|49.57	129|50	1.0
47|55	50|47	1.0
47|55	54|47	1.0
62|58.129	58|62	1.0
62|50	66|62	1.0
62|50	59|62	1.0
129|34.129.34.129.41	34|129.34.129.34.129.41	1.0
58|62.60	60|58.62	1.0
30|37.32.34	34|30	1.0
57|59.60	60|57.59	1.0
72|75	69|72	1.0
72|75	67|72	0.166666666667
72|75	65|72	0.333333333333
72|75	70|72	1.0
72|75	74|72.75	1.0
72|75	77|72	1.0
72|75	76|72	0.5
72|75	75|72	0.5
72|75	74|72	1.0
43|44.45	33|43	0.4
43|44.45	38|43	0.6
71|69.74	69|71.69	1.0
83|	85|83	0.2
83|	129|83	0.333333333333
83|	81|83	0.6
83|	72|83	0.08
83|	95|83	0.166666666667
83|	80|83	0.473684210526
83|	84|83	0.0666666666667
83|	76|83	0.157894736842
83|	79|83	0.1
83|	87|83	0.4
83|	77|83	1.0
83|	78|83	0.315789473684
83|	88|83	0.6
83|	90|83	0.4
83|	92|	0.021978021978
83|	91|	0.333333333333
83|	86|83	0.06
83|	82|83	0.0526315789474
83|	74|83	0.1
83|	93|83	1.0
83|	71|83	0.0344827586207
66|64.66.61	68|66	1.0
69|70.72.70	67|69.70.72.70	1.0
73|71.73	76|73	1.0
35|49.40	40|35.49.40	1.0
35|49.40	46|35	0.666666666667
51|37.51.41	37|51.37.51.41	1.0
51|58	65|51	1.0
51|58	50|51	1.0
51|58	63|51	0.5
51|58	56|51	0.5
51|58	55|51	1.0
51|58	66|51	0.5
51|58	53|51	0.5
48|46.53	44|48	1.0
77|78	76|77	1.0
77|78	74|77.78	0.333333333333
77|78	78|77	0.5
77|78	67|	0.333333333333
77|78	71|77	0.1
77|78	76|77.78	0.333333333333
77|78	73|77	0.5
77|78	79|77.78	1.0
39|53.39	59|	1.0
52|59.57	57|52	1.0
76|72.69	77|76.72	0.5
76|72.69	74|76.72	0.25
76|72.69	72|76	0.25
45|46.48	43|45	1.0
57|52.45	52|57.52.45	1.0
57|52.45	56|57	0.5
65|64.67	69|65	0.666666666667
65|64.67	64|65	1.0
65|64.67	67|65	0.333333333333
72|66	66|72	1.0
72|66	69|72.66	1.0
129|34.129.34.129.34.129.41	34|129.34.129.34.129.34.129.41	1.0
38|43.42	42|38	1.0
38|43.42	35|38	1.0
129|44.129.44.129.44.129.49.129.44	44|129.44.129.44.129.44.129.49.129.44	1.0
39|43	46|39	0.571428571429
39|43	44|39	0.285714285714
39|43	29|39	1.0
39|43	38|39	0.5
39|43	41|39	0.142857142857
39|43	35|39	1.0
85|73	72|85	1.0
64|61.59.61	66|64	1.0
42|40.42	49|42	1.0
38|51.39	51|38.51	0.142857142857
38|51.39	39|38.51.39	0.333333333333
38|51.39	44|38.51	0.285714285714
38|51.39	53|38	0.142857142857
29|129	28|29	1.0
29|129	33|29	1.0
68|70.66	66|68	1.0
48|41.57	57|48	1.0
52|68	68|52.68	1.0
46|43	52|46	0.5
46|43	50|46	1.0
46|43	39|46	1.0
46|43	44|46	1.0
46|43	47|46	0.75
46|43	49|46	1.0
46|43	48|46	0.25
46|43	41|46	1.0
38|39.38	33|38	0.5
38|39.38	39|38.39	0.5
90|93	86|	1.0
53|52.56	49|53	1.0
50|47	42|50	1.0
50|47	43|50	0.333333333333
50|47	53|50	0.5
50|47	129|50	0.5
50|47	48|50	0.2
50|47	49|50	0.4
50|47	47|50.47	0.666666666667
50|47	55|50	0.333333333333
50|47	54|50	0.666666666667
50|47	56|50	0.2
69|129.69	70|69.129	1.0
69|129.69	78|69	1.0
69|129.69	62|69	1.0
69|129.69	71|69.129	0.285714285714
69|129.69	74|69.129	1.0
69|129.69	129|69.129.69	0.5
69|129.69	67|69	0.5
91|	84|91	1.0
91|	89|91	0.333333333333
91|	87|91	1.0
91|	88|91	1.0
91|	83|91	1.0
91|	79|91	0.666666666667
91|	95|91	1.0
91|	93|91	0.0714285714286
91|	97|	0.111111111111
91|	90|91	0.428571428571
91|	99|	0.111111111111
91|	129|91	1.0
36|31.36	31|36.31.36	0.5
86|88.89.77	85|86	1.0
38|129.36	129|38.129.36	1.0
42|44	44|42.44	1.0
42|44	39|	0.5
42|44	129|42	0.5
42|44	47|42	0.0322580645161
42|44	45|42	0.129032258065
42|44	44|42	0.5
42|44	49|42.44	0.2
42|44	41|42.44	1.0
42|44	46|42	0.516129032258
83|93.87	81|83.93	1.0
66|60	64|66	1.0
66|60	60|66	1.0
66|60	63|66	1.0
71|83.75	83|71	0.5
71|83.75	82|71	0.5
74|72.68	71|74	1.0
49|129.51	129|49.129.51	1.0
69|66.64	67|69.66	1.0
70|58	63|70	0.5
70|58	58|70	0.666666666667
70|58	60|70	0.142857142857
70|58	68|70	0.5
70|58	67|70	1.0
70|58	65|70	0.333333333333
70|58	62|70	0.285714285714
57|54.59	52|57	1.0
33|35	26|33	0.2
33|35	45|33	0.0120481927711
33|35	32|33	0.923076923077
33|35	35|33	0.5
33|35	37|33.35	0.0481927710843
33|35	31|33	0.4
33|35	35|33.35	0.928571428571
33|35	34|33	0.0481927710843
33|35	43|33	0.2
33|35	30|33	0.373493975904
33|35	40|33	0.111111111111
33|35	38|33	0.0120481927711
43|45.47.48	47|43	1.0
61|52	62|61	0.5
61|52	46|61	0.5
61|52	45|61	0.5
61|52	47|	0.75
61|52	57|61.52	1.0
61|52	63|61	0.25
61|52	60|61	1.0
61|52	59|61	1.0
41|	50|41	0.0235294117647
41|	44|41	0.125
41|	29|41	0.142857142857
41|	55|41	1.0
41|	49|41	1.0
41|	40|41	0.0235294117647
41|	60|41	1.0
41|	35|41	0.129411764706
41|	37|41	0.285714285714
41|	56|41	1.0
41|	26|41	0.5
41|	129|41	0.282352941176
41|	36|41	0.25
41|	57|	0.0416666666667
41|	48|41	0.141176470588
41|	47|41	0.0705882352941
41|	34|41	0.0941176470588
41|	51|41	0.0434782608696
41|	43|41	0.0470588235294
41|	38|41	0.0714285714286
41|	31|41	0.0117647058824
41|	46|41	0.0470588235294
41|	62|41	0.333333333333
41|	53|41	0.428571428571
41|	42|41	0.0434782608696
41|	39|41	0.0470588235294
41|	24|41	1.0
41|	52|41	1.0
41|	45|41	0.0117647058824
41|	28|	0.0714285714286
41|	33|41	0.333333333333
41|	61|41	1.0
77|60	65|77	1.0
82|66	88|82	1.0
72|81	81|72	1.0
72|81	71|72	0.5
72|81	79|72	0.5
72|81	70|72.81	1.0
72|81	74|72.81	0.25
72|81	71|72.81	1.0
72|81	82|72	0.5
72|81	74|72	1.0
129|65.69	60|129	1.0
71|129.69	129|71.129	1.0
43|129.38.129.36	129|43.129.38.129.36	1.0
129|44.129.49.129.44	44|129.44.129.49.129.44	1.0
44|129.44.129.44.129.49.129.44	129|44.129.44.129.44.129.49.129.44	1.0
45|52.54	47|45	1.0
68|76	66|68	1.0
68|76	69|68.76	1.0
64|61.58	61|64.61	1.0
64|61.58	61|64	0.5
64|61.58	62|64	0.5
38|51.53	53|38	1.0
46|41.39	45|46	1.0
28|30.33	42|28	0.0714285714286
28|30.33	30|28.30.33	0.0434782608696
28|30.33	33|28	0.0714285714286
74|72.74.72	71|74.72	0.5
74|72.74.72	72|74.72.74	0.5
74|72.70	75|74	0.75
74|72.70	76|74	0.25
74|72.70	129|74.72.70	1.0
70|69	60|70	0.03125
70|69	71|70	0.5
70|69	68|70	0.333333333333
70|69	63|70	0.3125
70|69	79|70	0.333333333333
70|69	69|70.69	0.1875
70|69	55|70	0.75
70|69	67|70	1.0
70|69	72|70	0.166666666667
70|69	66|70	0.0625
70|69	72|70.69	0.5
70|69	74|70	1.0
70|69	129|70.69	0.333333333333
70|69	65|70	0.0769230769231
70|69	75|70	0.333333333333
70|69	69|70	0.25
129|71	62|129	0.1
129|71	74|129	0.666666666667
129|71	69|129	0.666666666667
129|71	72|129.71	1.0
129|71	71|129.71	1.0
129|71	73|129	1.0
129|71	76|129.71	1.0
129|71	70|129	0.333333333333
129|71	71|129	1.0
129|71	67|129	0.2
33|48	129|33	0.25
33|48	38|33	0.25
33|48	39|33	0.25
33|48	34|33	0.25
33|48	35|33.48	1.0
37|34.32	42|37	1.0
81|75	83|81	0.5
81|75	69|81	0.5
129|58.129.58.129.58.129.57	58|129.58.129.58.129.58.129.57	1.0
50|39	51|50	0.5
50|39	38|50	0.5
50|39	39|50	1.0
50|39	45|50	1.0
42|59	49|42	1.0
129|67.129.66.129.81	69|129.67	1.0
72|74.75.74	74|72.74.75	0.5
72|74.75.74	84|72	0.5
65|67.72	72|65	1.0
51|37.51.37.51.43	42|51	0.5
51|37.51.37.51.43	45|51	0.5
51|36	44|51	0.681818181818
51|36	36|51.36	1.0
51|36	38|51	0.227272727273
51|36	55|51	0.0454545454545
66|129.66	69|66	1.0
82|80	84|82	0.5
82|80	77|82	0.333333333333
82|80	83|82	1.0
82|80	70|82	0.5
82|80	73|82	0.666666666667
77|129	129|77.129	1.0
77|129	74|77	1.0
77|129	75|77	0.333333333333
56|57	44|56	0.125
56|57	59|56	1.0
56|57	129|56.57	0.0833333333333
56|57	55|56	1.0
56|57	51|56	0.0833333333333
56|57	54|56	1.0
56|57	55|56.57	1.0
56|57	58|56.57	1.0
56|57	57|56.57	0.25
56|57	61|56.57	1.0
70|72.74.70	69|70.72.74	1.0
77|58	65|77	1.0
45|47.50	47|45.47.50	1.0
62|129	67|62	0.75
62|129	80|	1.0
62|129	60|62.129	0.5
62|129	69|62	0.5
62|129	129|62	1.0
62|129	129|62.129	1.0
62|129	61|62.129	1.0
62|129	58|62	1.0
62|129	63|62	1.0
62|129	86|62	0.0545454545455
62|129	64|62	1.0
38|34	41|38	1.0
38|34	22|38	1.0
71|70	73|71.70	0.333333333333
71|70	76|71	0.5
71|70	72|71.70	0.5
71|70	74|71	0.5
71|70	129|71.70	1.0
71|70	70|71	0.333333333333
71|70	72|71	1.0
70|73.70	67|70	1.0
90|87.88	81|90	1.0
40|33.37	33|40.33.37	0.5
69|71.66	67|69.71.66	1.0
71|83.81	87|71	0.5
71|83.81	79|71	0.5
73|71.79	71|73	1.0
74|129.75	129|74.129.75	1.0
42|129.42	129|42.129.42	1.0
76|73	75|76	1.0
76|73	69|76	0.25
76|73	79|76	0.333333333333
76|73	73|76	1.0
76|73	72|76	0.166666666667
76|73	82|76	0.2
76|73	74|76.73	0.25
76|73	83|76	0.2
76|73	70|76	0.166666666667
76|73	80|76	0.2
76|73	81|76	0.4
81|79.81	78|81	0.666666666667
81|79.81	79|81	0.333333333333
61|62.64	62|61	0.181818181818
61|62.64	58|61	0.333333333333
61|62.64	59|61.62	0.727272727273
61|62.64	56|61	0.666666666667
61|62.64	57|61	0.0909090909091
47|49	50|47	0.1
47|49	52|47	0.142857142857
47|49	46|47	0.142857142857
47|49	49|47.49	0.285714285714
47|49	45|47	0.285714285714
47|49	59|47	0.142857142857
61|44	59|61	1.0
32|37	37|32	1.0
63|69	60|63	1.0
63|69	64|63	1.0
60|66	69|60	1.0
60|66	57|60	1.0
129|62.129.65	60|129	1.0
66|67.69.66	71|66	0.333333333333
66|67.69.66	64|66.67	0.666666666667
38|48	40|38.48	1.0
36|129.34	129|36.129	1.0
75|70.63	77|75	1.0
68|67.65.63	72|68	1.0
47|68	64|47	1.0
38|41	42|38	1.0
38|41	50|38	1.0
38|41	44|38.41	1.0
38|41	40|38	1.0
80|76	68|80	0.117647058824
80|76	76|80	1.0
80|76	86|	0.0588235294118
80|76	71|80	0.705882352941
80|76	83|80.76	0.5
41|34	39|41	0.333333333333
41|34	129|41	0.555555555556
41|34	50|41	0.333333333333
41|34	46|41	0.333333333333
41|34	38|41	0.333333333333
41|34	33|41	0.166666666667
41|34	40|41	0.25
41|34	34|41	0.444444444444
95|87	83|95.87	0.6
58|67	67|58	0.333333333333
58|67	56|58	1.0
58|67	70|58.67	1.0
58|67	68|58	0.333333333333
58|67	64|58	1.0
58|67	65|58	1.0
58|67	55|58	1.0
40|47	44|40	0.25
40|47	42|40	0.25
40|47	45|40.47	0.25
40|47	28|	1.0
40|47	49|40	1.0
40|47	43|40	1.0
40|47	41|40	1.0
40|47	36|40	0.333333333333
40|47	35|40	1.0
40|47	52|40	0.333333333333
40|47	47|40	0.25
43|41.46	36|43	0.285714285714
43|41.46	38|43	0.714285714286
82|81.82	86|82	0.333333333333
82|81.82	79|82.81	0.666666666667
56|61	53|56	0.2
56|61	42|56	1.0
56|61	49|56	0.2
56|61	51|56	1.0
56|61	65|56	0.0227272727273
56|61	61|56	0.272727272727
56|61	59|56	1.0
56|61	57|56.61	1.0
56|61	54|56	0.477272727273
56|61	129|56.61	0.75
56|61	60|56	0.2
56|61	55|56	1.0
56|61	59|56.61	1.0
56|61	58|56.61	1.0
56|61	63|56	1.0
78|76	76|78.76	1.0
78|76	87|78	0.25
78|76	74|78	0.111111111111
78|76	80|78	0.25
78|76	81|78	0.214285714286
78|76	83|78	0.5
78|76	79|78	0.555555555556
86|89.86	93|86	0.25
86|89.86	89|86.89.86	0.666666666667
33|34	38|33	1.0
33|34	36|33	0.333333333333
33|34	26|33	1.0
33|34	30|33	1.0
33|34	31|33	1.0
33|34	21|	0.333333333333
89|85.86	86|89.85	1.0
53|55.57.50	52|53.55	1.0
63|129.63	62|63	1.0
129|86.83	83|129	1.0
36|129.35	129|36.129.35	1.0
129|46.41	41|129	0.5
129|46.41	51|129	0.5
53|51.50	55|53.51	0.666666666667
53|51.50	58|53	0.333333333333
57|52.129	52|57.52.129	1.0
57|52.129	61|57	0.5
48|49	46|48.49	1.0
48|49	47|48	0.25
48|49	36|48.49	1.0
48|49	49|48	0.285714285714
48|49	43|48	1.0
48|49	56|48	0.5
48|49	53|48.49	1.0
48|49	45|48	0.5
48|49	129|48	0.25
48|49	50|48	0.5
48|49	41|48	1.0
83|92	82|83	0.142857142857
83|92	76|83	0.857142857143
76|82	74|76	0.333333333333
76|82	73|76	0.666666666667
68|44	44|	0.666666666667
68|44	51|68	0.166666666667
68|44	48|	0.166666666667
64|69	71|64	1.0
64|69	67|64	1.0
64|69	69|64	0.333333333333
64|69	57|64	1.0
64|69	68|64	0.666666666667
64|69	67|64.69	0.5
64|69	66|64.69	0.666666666667
64|69	65|64.69	1.0
64|69	129|64	0.333333333333
64|69	61|64	1.0
64|69	62|64.69	1.0
64|69	60|64	1.0
46|45.43.48	47|46	1.0
36|61	38|36	1.0
44|51.36.39	51|44	0.444444444444
44|51.36.39	53|44	0.444444444444
44|51.36.39	38|44	0.111111111111
78|73.82	70|78	1.0
33|49	35|33.49	1.0
46|129.53.129.53.129.50	129|46.129.53.129.53.129.50	1.0
45|44.45	33|45	0.142857142857
45|44.45	47|45.44	0.428571428571
45|44.45	40|45	0.142857142857
45|44.45	37|45	0.285714285714
64|73.64	73|64	0.5
64|73.64	74|64	0.5
41|36	50|41	1.0
41|36	36|41	0.375
41|36	33|41	0.142857142857
41|36	51|41	1.0
41|36	129|41	0.428571428571
41|36	57|	0.5
41|36	48|41	0.142857142857
41|36	34|41	0.25
41|36	43|41	1.0
41|36	46|41	0.142857142857
41|36	39|41	0.0588235294118
41|36	45|41	0.142857142857
41|36	29|41	1.0
129|74.72	77|129	0.5
129|74.72	70|129	0.5
53|51.60	54|53	1.0
129|33.129.36	29|129	1.0
44|46.42.36	45|44	0.166666666667
44|46.42.36	36|44	0.666666666667
44|46.42.36	38|44	0.166666666667
51|61	52|51	0.181818181818
51|61	56|51	0.181818181818
51|61	61|51	0.272727272727
51|61	53|51	0.0909090909091
51|61	57|51	0.0909090909091
51|61	55|51	0.181818181818
62|57.60	72|62	1.0
62|57.60	57|62.57.60	1.0
77|76	84|77	0.25
77|76	72|77	1.0
77|76	76|77	0.333333333333
77|76	129|77	0.2
77|76	75|77	0.333333333333
77|76	79|77.76	0.75
77|76	65|77	0.0357142857143
77|76	70|77	0.0535714285714
77|76	78|77	0.2
77|76	74|77.76	0.0625
77|76	73|77	0.0357142857143
77|76	69|77	0.0178571428571
77|76	81|77.76	0.2
77|76	76|77.76	0.3125
61|62.64.129	62|61	0.666666666667
61|62.64.129	129|61	0.333333333333
88|84.81	76|88	1.0
50|36	48|50	1.0
50|36	51|50	1.0
74|61	73|74	1.0
41|48.50	46|41	1.0
71|83.82	73|71.83	0.25
71|83.82	82|71	0.5
71|83.82	79|71	0.25
26|41	45|26	0.5
26|41	44|26	0.5
59|61.62	57|59.61.62	1.0
33|35.36	30|33	1.0
46|129.49	129|46.129.49	1.0
33|46	129|33	1.0
59|60.56	58|59.60.56	0.666666666667
59|60.56	55|59	1.0
34|46.34	46|34.46.34	0.333333333333
45|52.57.52	52|45.52.57.52	1.0
79|77.79	80|79	0.5
79|77.79	81|79.77	1.0
79|77.79	77|79.77	0.214285714286
79|77.79	76|79.77.79	1.0
79|77.79	75|79	0.5
129|62.65	74|129	1.0
58|59.60.56	65|58	0.333333333333
58|59.60.56	56|58.59	0.666666666667
66|64	76|66	0.0588235294118
66|64	63|66	0.25
66|64	62|66.64	1.0
66|64	64|66	0.285714285714
66|64	129|66	0.25
66|64	64|66.64	0.222222222222
66|64	71|66	0.666666666667
66|64	67|66.64	0.444444444444
66|64	78|	0.333333333333
66|64	59|66	0.5
66|64	69|66.64	0.111111111111
66|64	68|66.64	0.5
66|64	68|66	0.0588235294118
66|64	61|66	0.111111111111
66|64	74|66	0.0588235294118
66|64	69|66	0.142857142857
66|64	54|66	0.111111111111
66|64	62|66	0.142857142857
59|69	62|59	0.181818181818
59|69	52|59	1.0
59|69	67|59	1.0
59|69	64|59	0.818181818182
84|83.82	129|84	1.0
44|129.46.129.44.129.44.129.44.129.44.129.49	129|44.129.46.129.44.129.44.129.44.129.44.129.49	1.0
32|40.42	37|32.40.42	1.0
40|53	41|40	0.5
40|53	43|40	0.5
129|58.129.58.129.58.129.58.129.57	60|129.58	1.0
89|88.89.93	86|89.88	1.0
64|57.64	57|64.57.64	1.0
64|57.64	59|64	0.0416666666667
75|77.80	79|75	1.0
57|65	56|57	0.5
57|65	60|57	1.0
57|65	65|57.65	0.333333333333
57|65	62|57.65	1.0
57|65	64|57	0.5
69|66.61	68|69	1.0
46|36	129|46	1.0
46|36	35|46	0.5
46|36	38|46	1.0
46|36	39|46	0.5
46|36	48|46	1.0
30|28.30.28.30.28.30.33	33|30	0.888888888889
30|28.30.28.30.28.30.33	28|30	0.111111111111
61|62.61	62|61	0.5
61|62.61	58|61	0.5
61|62.61	59|61.62	0.5
61|62.61	60|61	0.5
58|61	54|58	0.5
58|61	56|58	0.571428571429
58|61	62|58	1.0
58|61	129|58	0.352941176471
58|61	64|58	0.25
58|61	52|58	0.142857142857
58|61	60|58.61	0.25
58|61	55|58	1.0
58|61	57|58	0.5
58|61	59|58.61	1.0
58|61	61|58	0.470588235294
58|61	51|58	1.0
58|61	53|58	0.333333333333
58|61	67|58	0.5
58|61	56|58.61	1.0
90|71	93|90	1.0
129|65.67.64	64|129.65	1.0
69|70.129	67|69	1.0
38|43.38	45|38	1.0
40|25	42|40	1.0
129|46.129.53	50|129	0.2
129|46.129.53	46|129.46.129.53	1.0
129|46.129.53	55|129	0.2
44|53.38	38|44	1.0
65|61	58|65	0.4
65|61	129|65	0.166666666667
65|61	70|65	0.5
65|61	67|65	1.0
65|61	68|65.61	0.5
65|61	60|65	0.4
65|61	56|65	1.0
65|61	61|65	0.25
65|61	50|	0.2
65|61	68|65	0.5
65|61	63|65	0.666666666667
90|89	91|	0.5
90|89	85|90	0.5
129|71.67	71|129.71	0.5
129|71.67	70|129	1.0
46|129.42.129.46	129|46.129.42.129.46	1.0
62|61.59	61|62.61	0.222222222222
62|61.59	59|62.61.59	1.0
33|40	40|33	0.333333333333
33|40	38|33	0.5
33|40	45|33	0.333333333333
33|40	129|33.40	1.0
33|40	35|33.40	0.333333333333
34|46	37|34	1.0
34|46	29|34	0.5
34|46	129|34	0.5
34|46	46|34	1.0
34|46	41|34	1.0
79|71	81|79	1.0
79|71	67|79	0.25
79|71	78|79	1.0
79|71	83|79	0.5
79|71	88|79	0.25
39|38	53|39.38	0.2
39|38	46|39	0.0338983050847
39|38	43|39	0.5
39|38	41|39.38	0.333333333333
39|38	59|	0.101694915254
39|38	36|39	0.5
39|38	42|39	0.285714285714
39|38	44|39	0.169491525424
39|38	34|39	0.428571428571
39|38	38|39.38	1.0
39|38	40|39	0.5
39|38	55|39.38	0.5
39|38	51|39	1.0
87|78	75|87	1.0
68|71	76|68	0.5
68|71	66|68.71	0.4
68|71	71|68	0.2
68|71	66|68	1.0
68|71	69|68.71	0.4
68|71	64|68	1.0
69|129.67	71|69.129	0.6
69|129.67	129|69.129.67	0.2
69|129.67	70|69.129.67	0.2
61|58.59	58|61.58	1.0
38|51.55	44|38.51	1.0
35|40.35.57	53|35.40	1.0
74|73.76	77|74.73	0.666666666667
74|73.76	71|74	1.0
74|73.76	73|74	0.333333333333
129|57	77|129	1.0
129|57	45|129.57	1.0
129|57	59|129	0.126582278481
129|57	62|129	0.5
129|57	33|129	1.0
129|57	60|129	0.5
129|57	50|129	0.5
129|57	54|	0.5
129|57	52|129	1.0
129|57	58|129.57	0.25
129|57	47|129	0.333333333333
129|57	46|129	1.0
129|57	51|129.57	1.0
129|57	62|129.57	1.0
129|57	58|129	0.5
129|57	51|129	0.142857142857
129|57	49|129	1.0
129|57	42|129.57	1.0
129|57	53|129	0.2
129|57	64|129	0.1
129|57	35|129	0.0322580645161
129|57	55|129	0.4
129|57	38|129	0.5
129|57	66|129	0.1
129|57	40|129	0.774193548387
129|57	57|129.57	0.746835443038
42|57	43|42	1.0
42|57	38|42	0.25
42|57	36|42.57	1.0
35|46.40.35	46|35.46.40	1.0
49|129.43	129|49.129.43	1.0
129|38.129.36	38|129.38	1.0
129|38.129.36	43|129.38.129.36	1.0
69|72.77	70|69.72	0.333333333333
69|72.77	67|69.72.77	1.0
60|57.58	59|60	0.666666666667
60|57.58	53|60	0.333333333333
60|57.58	63|60	1.0
79|74.70	129|79.74.70	1.0
39|59	36|39.59	0.333333333333
39|59	55|	0.375
39|59	51|39.59	1.0
39|59	59|39.59	1.0
54|40	57|54	1.0
64|74	52|64	0.5
64|74	57|64	0.5
129|84	81|129	0.5
129|84	82|129	1.0
40|28	35|40	1.0
40|28	28|	1.0
43|129.45	129|43.129	1.0
49|56	56|49	0.75
49|56	54|49.56	0.5
49|56	44|49	1.0
41|37	37|41	0.5
41|37	44|41	1.0
41|37	46|41	1.0
41|37	47|41	0.25
41|37	35|41	0.75
41|43.36	43|41	1.0
129|44.129.44.129.53	46|129	0.166666666667
129|44.129.44.129.53	44|129.44.129.44.129.53	1.0
72|69.70	67|72	0.166666666667
72|69.70	77|72	0.166666666667
72|69.70	71|72.69	0.5
72|69.70	78|72	0.166666666667
55|54.50	51|55	1.0
60|55.59	52|60	1.0
42|40	41|42	0.333333333333
42|40	40|42	0.333333333333
42|40	43|42	0.25
42|40	49|42	0.25
42|40	37|42	0.666666666667
42|40	43|42.40	1.0
42|40	45|42	0.5
42|40	40|42.40	1.0
42|40	44|42	1.0
42|40	38|42	0.666666666667
64|57.62	57|64.57.62	1.0
40|50	38|40.50	1.0
40|50	47|40	1.0
40|50	33|40	1.0
67|58.67.68	58|67.58	0.666666666667
67|58.67.68	70|67	0.333333333333
72|71.74	77|72.71	0.0714285714286
72|71.74	84|72	0.142857142857
72|71.74	76|72.71.74	1.0
72|71.74	71|72.71	0.357142857143
72|71.74	74|72.71	0.285714285714
47|24	24|47	1.0
49|35.53.35.57	46|49	1.0
64|62.64.65	68|64	0.5
64|62.64.65	62|64.62	0.5
66|67.64	64|66.67.64	1.0
66|67.64	67|66.67	1.0
66|67.64	69|66.67	0.5
129|51.129.49	51|129.51.129.49	1.0
129|51.129.49	38|129.51	0.25
36|48.49	43|36	1.0
60|67	56|60	0.5
60|67	67|60.67	1.0
60|67	65|60	1.0
60|67	64|60	1.0
60|67	69|60	1.0
60|67	72|60	1.0
60|67	63|60	1.0
129|69.64	57|129	1.0
63|65.61.58	61|63.65.61.58	1.0
65|67.69	70|65.67	0.5
65|67.69	62|65	1.0
65|67.69	63|65	0.5
76|71	75|76	0.5
76|71	74|76.71	1.0
76|71	79|76	0.666666666667
76|71	73|76	0.0555555555556
76|71	78|76	0.5
76|71	82|76	0.111111111111
76|71	71|76	0.944444444444
76|71	69|76	1.0
76|71	70|76	1.0
76|71	80|76	0.333333333333
52|50.60	40|52	1.0
55|57.52	54|55	0.666666666667
55|57.52	47|55	0.333333333333
55|57.52	52|55	1.0
80|78	78|80	1.0
80|78	81|80	0.25
80|78	88|80	0.75
63|71	59|63	1.0
36|35	42|36	0.5
36|35	129|36.35	1.0
36|35	43|36	0.25
36|35	35|36	1.0
36|35	129|36	1.0
36|35	34|36	0.25
36|35	37|36	1.0
36|35	31|36	0.5
36|35	50|36	0.25
86|88	88|86	0.0416666666667
86|88	85|86	0.0416666666667
86|88	84|86.88	0.875
86|88	93|86	1.0
86|88	91|	0.0416666666667
59|39.59	38|	1.0
23|	38|23	1.0
23|	41|23	1.0
23|	36|23	1.0
23|	26|23	1.0
59|57.56	52|59	0.111111111111
59|57.56	56|59	0.888888888889
69|71.69	64|69	0.333333333333
69|71.69	66|69	0.333333333333
69|71.69	68|69.71	0.5
69|71.69	73|69	1.0
69|71.69	74|69.71	0.333333333333
69|71.69	71|69.71	0.5
69|71.69	67|69.71	0.5
56|58.59	60|56	1.0
31|32	40|31	1.0
73|65	71|73	1.0
73|65	68|73	1.0
53|129.53.129	46|53	1.0
76|72.76	81|76	0.5
76|72.76	77|76.72	0.5
45|47.48	43|45.47.48	1.0
35|59	59|35	1.0
51|50.51	53|51	0.5
51|50.51	44|51	0.5
59|63	63|59	1.0
59|63	58|59	1.0
59|63	61|59	1.0
59|63	66|59	1.0
59|63	64|59	1.0
59|63	56|59	1.0
48|37	49|48	0.5
48|37	37|48	1.0
48|37	41|48	0.5
48|37	53|48	1.0
72|70.129.69	129|72.70.129.69	1.0
90|91	78|90	0.666666666667
90|91	86|	0.333333333333
90|91	129|90	0.666666666667
90|91	91|	0.333333333333
54|66	57|54	1.0
54|66	63|54	1.0
54|66	66|54	1.0
67|66.65	68|67	0.75
67|66.65	57|67	0.25
129|59	44|129	1.0
129|59	59|129	1.0
129|59	62|129	1.0
129|59	35|129	0.00617283950617
129|59	64|129	0.333333333333
129|59	59|129.59	1.0
129|59	38|129	0.5
129|59	57|129	0.0123456790123
129|59	60|129	0.5
129|59	75|129	1.0
129|59	40|129.59	1.0
129|59	36|129	0.5
129|59	66|129.59	1.0
129|59	50|129	1.0
129|59	62|129.59	1.0
41|39	37|41	1.0
41|39	42|41	0.214285714286
41|39	36|41	0.846153846154
41|39	46|41.39	1.0
41|39	129|41	0.333333333333
41|39	34|41	0.0769230769231
41|39	44|41	0.0769230769231
41|39	29|41.39	0.230769230769
41|39	46|41	0.0714285714286
41|39	43|41.39	0.666666666667
63|	47|63	0.5
63|	76|63	1.0
63|	53|63	0.1
63|	66|63	0.00970873786408
63|	57|63	0.2
63|	73|63	0.00970873786408
63|	46|63	0.25
63|	62|63	0.31067961165
63|	69|63	0.0485436893204
63|	70|63	0.0194174757282
63|	79|63	1.0
63|	65|63	0.378640776699
63|	54|63	1.0
63|	74|63	1.0
63|	61|63	0.25
63|	58|63	0.0388349514563
63|	68|63	0.00970873786408
63|	51|63	1.0
63|	71|63	0.00970873786408
63|	49|	0.142857142857
63|	64|63	0.625
63|	55|63	0.0833333333333
63|	75|63	0.0291262135922
63|	60|63	0.0388349514563
63|	59|63	0.125
63|	85|	0.6
63|	52|63	0.111111111111
63|	129|63	0.00970873786408
63|	42|	0.0714285714286
63|	67|63	0.0776699029126
63|	72|63	0.00970873786408
63|	56|63	0.0344827586207
46|129.44.129.44.129.44.129.44.129.49	129|46.129.44.129.44.129.44.129.44.129.49	1.0
46|42	129|46	1.0
46|42	48|46	1.0
46|42	44|46	1.0
