51|52.55	129|51	1.0
57|59	55|57	0.8
57|59	56|57	0.666666666667
57|59	61|57	1.0
57|59	129|57	0.317073170732
57|59	59|57.59	1.0
57|59	53|57	1.0
57|59	54|57	1.0
57|62.52	55|57	1.0
51|49	52|51	1.0
55|60	129|55	0.5
55|60	53|55	0.25
55|60	50|55	0.5
55|60	57|55.60	1.0
55|60	56|55	0.5
55|60	62|55	1.0
55|60	49|55	0.75
55|60	48|55	0.181818181818
55|60	60|55	0.5
55|60	58|55	0.5
55|60	52|55	0.333333333333
55|60	59|55	0.0909090909091
24|	43|24	1.0
24|	37|24	1.0
24|	36|24	0.333333333333
24|	38|24	1.0
24|	39|24	1.0
52|129	57|52.129	0.5
52|129	55|52	0.333333333333
52|129	62|52	0.666666666667
52|129	53|52	1.0
66|57	61|66	0.4
66|57	63|66	1.0
66|57	62|66	0.6
43|129.47	38|43	1.0
74|67	62|74	1.0
74|67	67|74	0.222222222222
74|67	65|74	0.222222222222
74|67	72|74	0.444444444444
74|67	73|74	0.111111111111
129|72.70	74|129.72	1.0
61|56.54	54|61	0.5
61|56.54	57|61	0.125
61|56.54	56|61	0.375
129|74.76	71|129.74	1.0
56|61.60	60|56	0.5
56|61.60	53|56	0.5
49|42	50|49	1.0
47|45	40|47	0.05
47|45	44|47	0.45
47|45	49|47.45	0.5
57|54	56|57	0.2
57|54	59|57.54	0.8
57|54	61|57	0.5
57|54	60|57	0.5
57|54	62|57	0.4
57|54	52|57	0.6
57|54	54|57	1.0
74|76.78	69|74	1.0
58|49	49|58	1.0
52|60	53|52.60	1.0
71|69.67.66.72	62|71	1.0
61|57	64|61.57	0.6
61|57	55|61	1.0
61|57	57|61	1.0
61|57	62|61.57	0.25
61|57	66|61	1.0
61|57	57|61.57	1.0
61|57	129|61.57	1.0
61|57	69|61	1.0
61|57	59|61	0.166666666667
61|57	52|61	0.5
37|33	41|37	0.333333333333
37|33	42|37	0.555555555556
37|33	36|37	0.666666666667
37|33	33|37	0.444444444444
53|50	56|53	1.0
53|50	57|53	0.333333333333
53|50	58|53	1.0
53|50	59|53	0.333333333333
53|50	50|53	0.5
53|50	48|53	0.5
53|50	40|	0.333333333333
70|129.68	129|70.129.68	1.0
63|61.65	129|63	1.0
35|36	36|35	0.375
35|36	44|	0.375
35|36	23|	0.25
35|36	33|35	1.0
82|79	79|82	1.0
33|37	37|33	0.2
33|37	40|33.37	1.0
65|53.60	64|65.53.60	0.5
50|41	48|50	1.0
50|41	64|50	1.0
50|41	52|50.41	1.0
34|29	48|34	0.333333333333
34|29	22|	0.666666666667
69|129.70.72.129.70	129|69.129.70	1.0
40|45	45|40	0.5
40|45	44|40	0.5
40|45	50|40	1.0
66|67.72	67|66.67.72	1.0
44|46	56|44	1.0
44|46	129|44	0.5
44|46	41|44	0.5
65|58	63|65.58	1.0
65|58	69|65	0.333333333333
65|58	64|65	1.0
65|58	71|65	1.0
65|58	62|65	0.666666666667
65|58	58|65	0.2
65|58	60|65	0.4
65|58	70|65.58	0.5
56|55	60|56	0.666666666667
56|55	57|56	0.333333333333
56|55	129|56	0.5
56|55	59|56	0.5
56|55	58|56	1.0
56|55	55|56	0.125
56|55	47|	0.333333333333
56|55	53|56	0.6
56|55	65|56	0.25
56|55	58|56.55	0.333333333333
56|55	51|56	0.666666666667
80|	78|80	1.0
80|	81|80	0.555555555556
80|	79|80	0.444444444444
80|	77|80	0.666666666667
76|74	74|76	1.0
76|74	74|76.74	0.0606060606061
76|74	69|76	0.0606060606061
76|74	79|76	0.121212121212
76|74	78|76	0.393939393939
76|74	72|76	0.181818181818
76|74	71|76	0.0909090909091
76|74	129|76	1.0
76|74	66|76	0.030303030303
76|74	77|76	0.0606060606061
76|74	73|76.74	1.0
129|38.42	43|129.38.42	1.0
129|50.129.48	55|129.50.129.48	1.0
70|77	77|70	1.0
71|68	69|71.68	0.5
49|45	50|49.45	0.25
49|45	45|49	0.444444444444
49|45	45|49.45	0.333333333333
49|45	54|49	0.555555555556
42|39.40	27|	1.0
62|129.62.129.62.129.62	129|62.129.62.129.62.129.62	1.0
42|35	35|42	1.0
129|44.129.49	44|129.44.129.49	1.0
129|44.129.49	47|129	1.0
34|129.34.129.34.129.41	129|34.129.34.129.34.129.41	1.0
58|59.61	64|58	1.0
52|	43|52	1.0
52|	38|	0.0344827586207
52|	57|52	0.235294117647
52|	62|52	0.0392156862745
52|	53|52	0.454545454545
52|	39|52	0.5
52|	45|52	0.0454545454545
52|	54|52	0.318181818182
52|	61|52	0.333333333333
52|	50|52	0.318181818182
52|	59|	0.2
52|	55|52	0.272727272727
52|	49|52	0.136363636364
52|	58|52	0.0769230769231
52|	60|52	0.0769230769231
52|	51|52	0.272727272727
52|	129|52	1.0
52|	64|52	0.0196078431373
52|	46|	0.0196078431373
52|	56|52	0.0980392156863
52|	48|52	0.230769230769
52|	47|52	0.0454545454545
52|	40|	0.0454545454545
80|81	79|80	1.0
39|38.39	38|39.38	0.666666666667
39|38.39	41|39.38	0.333333333333
41|129.36	129|41.129.36	1.0
61|62.129	64|61	1.0
64|70	67|64	1.0
64|70	65|64	0.5
64|70	70|64	0.5
64|70	60|64	1.0
38|39	36|38	0.1875
38|39	39|38.39	0.666666666667
38|39	41|38	0.0625
38|39	45|38	0.125
38|39	33|38	0.0625
38|39	34|38	0.125
38|39	26|	0.125
38|39	35|38	0.125
33|36	35|33.36	1.0
33|36	38|33	0.8
66|68	68|66	0.8
66|68	64|66.68	0.2
66|68	65|66	0.5
55|60.64	52|55	1.0
70|64	66|70	1.0
70|64	62|70	1.0
129|69.129.75	69|129.69	1.0
33|45	34|	0.2
33|45	38|33.45	1.0
33|45	45|33	0.2
33|45	37|33	0.4
33|45	40|33.45	1.0
81|82	77|81	1.0
81|82	84|	0.5
81|82	72|81	0.5
55|53.52	43|55	0.5
55|53.52	57|55	0.5
69|71.78	71|69.71.78	1.0
56|48	55|56	1.0
66|55	67|66.55	1.0
66|55	64|66	0.5
54|56	53|54	0.5
54|56	51|54	0.5
68|49	49|	0.75
68|49	44|	0.25
69|71.72.69.67	67|69.71	1.0
37|32.33	33|37	1.0
129|38.43	40|129	1.0
58|57.55	57|58.57	0.333333333333
58|57.55	46|58	0.666666666667
60|63	58|60	0.333333333333
60|63	57|60	0.25
60|63	55|60	1.0
60|63	67|60	1.0
60|63	129|60	0.75
60|63	65|60	1.0
60|63	63|60	0.0769230769231
60|63	68|60	1.0
60|63	56|60	0.25
60|63	59|60	0.461538461538
60|63	61|60.63	1.0
60|63	69|60	0.166666666667
60|63	53|60	0.153846153846
60|63	62|60	1.0
62|63.60	63|62	1.0
74|83	76|74.83	1.0
58|56.61	129|58	1.0
49|50	40|49	0.2
49|50	52|49	0.266666666667
49|50	48|49	0.1
49|50	50|49	0.3
49|50	44|49	0.3
49|50	47|49	0.1
46|129.53	51|46	1.0
46|129.53	129|46.129.53	0.6
69|68.73	68|69.68.73	1.0
38|43.45	42|38	1.0
34|53	22|	1.0
48|64	52|48	1.0
53|56	56|53	0.571428571429
53|56	60|53	0.333333333333
53|56	58|53	0.25
53|56	59|53	0.333333333333
53|56	129|53	0.166666666667
53|56	49|53	0.333333333333
53|56	68|53	0.25
53|56	48|53	0.5
53|56	52|53.56	1.0
53|56	47|53	0.5
53|56	40|	0.142857142857
53|56	55|53	0.285714285714
61|49	49|61	1.0
56|62	55|56	1.0
67|65.63	60|67	0.333333333333
67|65.63	61|67	0.333333333333
67|65.63	70|67	0.25
67|65.63	64|67	0.333333333333
67|65.63	68|67.65.63	0.25
67|65.63	62|67	0.25
67|65.63	69|67	0.25
67|62	63|67	0.25
67|62	60|67	1.0
67|62	57|67	1.0
67|62	55|67	0.5
67|62	70|67	1.0
67|62	68|67	1.0
67|62	129|67	1.0
34|28	22|	1.0
66|67.66	61|66	1.0
66|67.66	67|66.67.66	1.0
41|39.38	44|41	1.0
74|72.75	72|74.72	1.0
69|63	66|69	1.0
69|63	74|69	1.0
69|63	72|69	1.0
129|77	79|129	1.0
129|77	72|129.77	1.0
46|51	43|46	0.5
46|51	39|46	0.5
86|88.89	84|86.88.89	1.0
60|53	55|60	1.0
60|53	65|60	1.0
60|53	53|60	1.0
56|129.61	58|56.129	0.2
56|129.61	65|56	0.8
62|61.57	50|62	0.25
62|61.57	64|62.61	0.25
62|61.57	52|62	0.25
62|61.57	59|62	0.25
74|75.74.72.70.69	62|74	1.0
67|66.69	68|67	1.0
71|69.59	73|71.69	1.0
76|78.76	74|76.78.76	0.5
76|78.76	78|76.78	0.333333333333
30|26	35|30	1.0
54|55	53|54	0.6
54|55	52|54	1.0
54|55	55|54	1.0
54|55	129|54	1.0
54|55	57|54	1.0
76|72	74|76	0.625
76|72	81|	0.125
76|72	72|76	1.0
76|72	67|76	0.25
76|72	77|76	1.0
72|74.76.77	76|72	1.0
72|74.76.77	69|72	1.0
62|60.58.56	63|62.60.58.56	1.0
63|62.60.62	68|63	1.0
56|61.54	61|56	0.0833333333333
56|61.54	54|56	0.75
56|61.54	129|56.61	0.166666666667
129|43	44|129	0.363636363636
129|43	60|129	1.0
129|43	45|129	0.666666666667
129|43	41|129.43	0.0909090909091
129|43	38|129.43	0.333333333333
129|43	48|129	0.06
129|43	55|129	0.06
129|43	47|129	0.0909090909091
129|43	43|129	0.454545454545
129|43	46|129.43	1.0
129|43	36|	0.12
49|51	51|49	0.666666666667
49|51	48|49	0.333333333333
49|51	129|49	1.0
49|51	47|49	1.0
62|53	50|62	1.0
41|129.41.129.41	129|41.129.41.129.41	1.0
55|70	58|55	1.0
55|70	67|55	1.0
34|129.41	129|34.129.41	0.25
129|62.129.62.129.62	63|129	0.411764705882
129|62.129.62.129.62	62|129.62.129.62.129.62	0.5
129|62.129.62.129.62	65|129	0.0588235294118
129|62.129.62.129.62	70|129	0.0294117647059
69|60	60|69	0.4
69|60	59|69	0.2
69|60	66|69	1.0
34|41	37|34	0.1
34|41	36|34	0.2
34|41	40|34	0.2
34|41	38|34	0.1
34|41	33|	0.1
34|41	41|34	0.2
34|41	22|	0.1
68|72	61|68	1.0
68|72	65|68.72	0.625
68|72	67|68	0.25
68|72	56|68	0.125
68|72	72|68	0.5
68|72	73|	0.5
64|	52|	0.047619047619
64|	69|64	0.0980392156863
64|	71|64	0.137254901961
64|	48|64	1.0
64|	61|64	0.0952380952381
64|	66|64	0.333333333333
64|	50|64	1.0
64|	70|64	0.05
64|	59|64	0.0196078431373
64|	57|64	0.148148148148
64|	65|64	0.0392156862745
64|	58|64	0.25
64|	53|64	1.0
64|	129|64	0.05
64|	56|64	1.0
64|	63|64	0.0392156862745
64|	62|64	0.235294117647
64|	67|64	0.078431372549
64|	68|64	0.0196078431373
64|	85|	0.0217391304348
64|	55|64	0.0285714285714
64|	60|64	0.166666666667
70|65.67	69|70	1.0
60|55.67	59|60.55	1.0
62|57.55	61|62.57.55	1.0
62|57.55	129|62	0.2
74|66	68|74	1.0
37|30	36|37	0.025
37|30	129|37	0.075
37|30	32|37.30	0.787878787879
37|30	44|37	0.075
49|52.45	52|49	1.0
53|46	46|53.46	1.0
81|	80|81	1.0
81|	74|81	0.75
81|	77|81	0.0714285714286
81|	86|	0.0714285714286
81|	84|	0.133333333333
81|	79|81	0.333333333333
81|	72|81	0.133333333333
81|	82|81	1.0
81|	76|81	0.133333333333
81|	83|	0.111111111111
81|	62|81	1.0
81|	129|81	1.0
81|	85|	0.444444444444
81|	75|	0.2
81|	88|81	1.0
72|79	71|72.79	1.0
40|43	45|40	1.0
40|43	36|40	0.5
40|43	48|40	0.5
40|43	28|	1.0
40|38.48	28|	1.0
71|73.76	73|71	1.0
44|55	43|44	1.0
71|129.67.74	69|71	1.0
129|49	57|129	0.352941176471
129|49	44|129.49	0.117647058824
129|49	56|129	0.5
129|49	43|129	0.0588235294118
129|49	58|129	1.0
129|49	38|	0.3
129|49	49|129	1.0
129|49	50|129	0.25
129|49	45|129	0.235294117647
129|49	51|129	0.235294117647
129|49	42|	0.4
129|49	55|129	0.5
129|49	46|129.49	1.0
129|49	47|129	0.25
56|47	129|56	1.0
66|62.57	62|66	1.0
129|43.50	38|129.43	1.0
64|65.64	58|64	1.0
46|53.48	51|46	1.0
56|58	55|56.58	1.0
56|58	53|56	0.0833333333333
56|58	62|56	0.166666666667
56|58	129|56	0.384615384615
56|58	49|56	0.5
56|58	57|56	0.333333333333
56|58	51|56.58	1.0
56|58	58|56	0.75
56|58	61|56	0.0833333333333
56|58	58|56.58	0.615384615385
56|58	51|56	0.25
56|58	60|56	0.166666666667
56|58	55|56	0.25
56|58	63|56	0.0833333333333
74|78	79|74	1.0
51|37	52|51	1.0
58|61.129	56|58.61	1.0
67|66.67.66	69|67.66.67.66	1.0
62|58.63	65|62	1.0
59|57.61.64	61|59.57.61.64	1.0
52|57.52	57|52.57	0.285714285714
52|57.52	49|52	0.571428571429
52|57.52	45|52.57.52	1.0
49|43	36|49	1.0
56|57.48	54|56	1.0
129|46.129.41	58|129	0.25
129|46.129.41	53|129.46	0.375
129|46.129.41	50|129	0.375
53|48.129	55|53.48	1.0
43|44	37|43	0.1
43|44	38|43	0.1
43|44	41|43	0.3
43|44	45|43.44	1.0
43|44	47|43	0.4
67|60	64|67	1.0
67|60	66|67	1.0
63|51	56|63	1.0
48|46.129	52|48	0.5
48|46.129	41|48	0.5
65|59	59|65	1.0
65|59	64|65.59	1.0
65|59	63|65	1.0
60|52	55|60	1.0
60|52	65|60.52	1.0
60|52	53|60	0.666666666667
60|52	63|60	0.333333333333
129|40.129.35	57|129	0.0833333333333
129|40.129.35	59|129	0.0416666666667
129|40.129.35	40|129.40	0.5
129|40.129.35	50|129	0.0416666666667
129|40.129.35	35|129	0.333333333333
47|50.47	54|47	1.0
72|71.72.74.71	76|72	1.0
78|76.75	79|78.76.75	1.0
61|62.45	52|61	1.0
71|69	73|71.69	0.0810810810811
71|69	79|71	0.0540540540541
71|69	67|71	0.108108108108
71|69	68|71	0.027027027027
71|69	129|71	1.0
71|69	74|71	0.6
71|69	72|71.69	0.117647058824
71|69	74|71.69	0.5
71|69	62|71	0.108108108108
71|69	70|71	0.5
71|69	78|71	0.0540540540541
71|69	69|71.69	0.0540540540541
71|69	72|71	1.0
30|32.34	42|30	0.111111111111
30|32.34	32|30	0.555555555556
30|32.34	34|30	0.222222222222
30|32.34	37|30.32.34	1.0
82|75	87|	1.0
68|66.69	65|68	1.0
53|48.55	52|53	1.0
55|57	53|55	1.0
55|57	57|55	0.333333333333
55|57	64|55	0.333333333333
55|57	54|55	1.0
55|57	60|55.57	1.0
55|57	59|55	1.0
74|73.71	73|74	0.666666666667
74|73.71	71|74	0.333333333333
61|129	63|61	0.46875
61|129	64|61.129	0.411764705882
61|129	60|61.129	0.888888888889
61|129	64|61	0.666666666667
61|129	129|61	0.5
61|129	65|61.129	0.2
61|129	60|61	0.5
61|129	58|61.129	1.0
39|34	41|39	0.25
39|34	32|39.34	1.0
129|67.65	65|129	1.0
70|69.68	71|70	1.0
70|69.68	60|70	1.0
38|22	34|38	0.142857142857
38|22	39|38.22	1.0
75|73	76|75.73	1.0
58|55.58	129|58	0.5
58|55.58	60|58.55	0.5
46|49	51|46	1.0
46|49	44|46	1.0
76|69.73	69|76	1.0
75|76	129|75	1.0
62|69	69|62.69	0.9375
62|69	69|62	0.5
62|69	66|62.69	0.05
62|69	61|62	1.0
62|69	63|62	0.5
62|69	57|62.69	1.0
62|69	65|62	1.0
62|69	64|62	1.0
129|50	57|129	1.0
129|50	59|129	0.0714285714286
129|50	58|129	1.0
129|50	48|129	0.5
129|50	51|129	1.0
129|50	53|129.50	1.0
129|50	43|129	0.0909090909091
129|50	38|129.50	1.0
129|50	35|129	0.571428571429
129|50	65|129	0.5
129|50	55|129	0.545454545455
129|50	50|129.50	1.0
61|66	57|61	1.0
61|66	68|61	1.0
61|66	69|61	1.0
44|45.36	42|44	1.0
129|56.129	60|129	0.4
129|56.129	56|129	0.2
129|56.129	63|129	0.2
129|56.129	54|	0.2
40|34	41|40	0.5
40|34	28|	0.5
43|60	36|43	1.0
55|53.129	56|55	1.0
59|67	66|59	1.0
43|47	129|43	1.0
62|64.65	64|62.64.65	0.5
67|55	62|67	1.0
57|61	56|57	0.25
57|61	59|57	0.166666666667
57|61	61|57	1.0
57|61	61|57.61	1.0
57|61	46|57.61	1.0
57|61	129|57	1.0
57|61	52|57	0.333333333333
57|61	54|57.61	0.25
57|61	62|57	0.166666666667
79|76	85|	1.0
79|76	78|79	0.5
79|76	77|79	0.5
79|	71|	0.0277777777778
79|	78|79	0.388888888889
79|	83|79	0.5
79|	70|79	1.0
79|	74|79	0.0833333333333
79|	80|79	0.555555555556
79|	77|79	0.194444444444
79|	129|79	0.166666666667
79|	81|79	0.111111111111
79|	72|79	1.0
79|	67|79	1.0
79|	54|	0.5
79|	85|	0.181818181818
79|	76|79	0.0277777777778
79|	75|	1.0
79|	82|79	1.0
44|129.44.129.49	129|44.129.44.129.49	1.0
39|46	50|39	0.5
39|46	43|39	0.5
45|48	46|45	0.25
45|48	41|45	0.428571428571
45|48	36|45	0.25
45|48	48|45.48	0.5
45|48	48|45	1.0
45|48	50|45	0.142857142857
129|29	34|129.29	1.0
129|29	53|129	0.5
129|29	52|129	0.5
45|38	44|45	0.5
45|38	38|45	0.5
76|74.73	78|76	1.0
54|53.49	50|54	1.0
46|129.46.129.46.129.46.129.53	129|46.129.46.129.46.129.46.129.53	1.0
37|33.35	38|37	1.0
40|36	24|	1.0
40|36	43|40	1.0
41|129.34	129|41.129.34	1.0
71|72.71.69	69|71.72.71.69	0.5
71|72.71.69	72|71.72	0.333333333333
47|41	36|47	1.0
58|60.62	57|58	0.6
58|60.62	129|58	0.4
129|53.129.48	41|	1.0
61|64.62	59|61	1.0
66|65.61.58	65|66.65.61.58	0.75
63|61	55|63	0.111111111111
63|61	62|63	0.111111111111
63|61	61|63	0.222222222222
63|61	61|63.61	0.555555555556
63|61	68|63	1.0
63|61	129|63	0.412698412698
63|61	71|63	1.0
63|61	67|63	0.2
63|61	66|63	0.111111111111
63|61	64|63	0.222222222222
63|61	56|63	0.222222222222
63|61	65|63	0.301587301587
58|53.55	55|58	1.0
49|129.38	129|49.129.38	1.0
60|63.68	56|60	1.0
66|129.59	64|66.129.59	1.0
64|65.57	65|64.65	1.0
67|64	63|67	0.5
67|64	72|67	0.333333333333
67|64	74|67	1.0
67|64	70|67	0.333333333333
67|64	69|67.64	1.0
67|64	64|67	0.6
67|64	68|67.64	1.0
67|64	65|67	0.4
67|64	72|67.64	1.0
67|64	65|67.64	1.0
67|64	69|67	0.333333333333
67|64	66|67.64	0.5
67|64	129|67	1.0
57|59.57.59	59|57.59.57.59	1.0
57|59.57.59	129|57	0.481481481481
64|59.57.59	129|64	0.0125
64|59.57.59	59|64.59.57.59	1.0
64|59.57.59	57|64	0.975
57|69.64.57.69	69|57	1.0
41|48	37|41	0.25
41|48	50|41	1.0
41|48	129|41	0.294117647059
41|48	45|41	0.2
41|48	48|41	0.294117647059
41|48	55|41	0.2
41|48	53|41.48	1.0
41|48	46|41	0.75
41|48	40|41	1.0
41|48	45|41.48	1.0
64|71.66	68|64	1.0
55|57.58	53|55.57.58	1.0
55|57.58	57|55	0.5
79|74	71|	0.5
79|74	77|79	0.5
41|48.45	129|41	1.0
59|61	57|59	0.666666666667
59|61	61|59.61	0.333333333333
59|61	58|59.61	1.0
44|40	45|44	0.2
44|40	42|44	0.2
44|40	40|44	0.2
44|40	48|	0.2
44|40	47|44	0.2
69|70.71	60|69	0.5
69|70.71	68|69	0.5
41|38	26|41	1.0
41|38	46|41	1.0
41|38	47|41	1.0
58|59	59|58	0.0769230769231
58|59	48|58	0.0769230769231
58|59	57|58	0.111111111111
58|59	53|58	0.461538461538
58|59	65|58	0.0769230769231
58|59	54|58	0.111111111111
58|59	129|58	1.0
58|59	64|58	0.111111111111
58|59	57|58.59	1.0
58|59	55|58	0.153846153846
58|59	56|58.59	1.0
58|59	49|58	0.5
58|59	63|58	0.5
43|25	49|43	1.0
50|49.44	52|50.49	1.0
64|61	67|64	0.25
64|61	59|64	0.0384615384615
64|61	69|64	0.8
64|61	71|64.61	1.0
64|61	65|64	0.25
64|61	70|64	1.0
64|61	57|64	0.307692307692
64|61	69|64.61	1.0
64|61	55|64	1.0
64|61	62|64	1.0
64|61	61|64.61	0.5
64|61	61|64	0.5
64|61	66|64	0.423076923077
58|55.56	57|58	1.0
74|58	62|74	1.0
78|71	71|78	1.0
129|66	73|129	0.5
129|66	62|129	0.4
129|66	68|129	0.5
129|66	69|129	0.333333333333
129|66	66|129.66	0.6
129|66	64|129	0.5
129|66	71|129	0.125
129|66	67|129.66	0.666666666667
38|36.31	26|	1.0
60|61.60	56|60	0.25
60|61.60	59|60.61	0.5
60|61.60	65|60	0.5
60|61.60	58|60	0.75
57|61.57	61|57.61	1.0
67|74	65|67	1.0
67|74	71|67	1.0
67|74	72|67	1.0
67|74	129|67.74	1.0
67|74	66|67.74	0.666666666667
67|74	69|67	0.333333333333
45|49.45	54|45	0.333333333333
45|49.45	52|45.49	0.333333333333
45|49.45	50|45	0.333333333333
48|56	49|48	1.0
71|59	64|71	1.0
46|45.46	48|46	1.0
46|45.46	58|46	0.5
46|45.46	50|46	0.5
74|76.72.67	77|74	1.0
57|69	69|57	0.142857142857
57|69	64|57.69	1.0
43|40	48|43	1.0
43|40	40|43	0.666666666667
43|40	45|43.40	1.0
49|50.62	52|49	1.0
62|45	61|62.45	1.0
129|70.129.69	72|129.70	0.375
129|70.129.69	60|129	0.25
129|70.129.69	74|129.70	0.625
129|70.129.69	67|129.70	0.25
129|70.129.69	65|129	0.25
129|70.129.69	70|129.70	0.25
63|67	64|63.67	0.5
63|67	58|63	1.0
63|67	68|63	0.333333333333
63|67	65|63	0.5
63|67	69|63	0.5
63|67	70|63	1.0
63|67	67|63	0.5
63|67	60|63.67	1.0
63|67	64|63	0.333333333333
63|67	56|63	0.333333333333
58|129	61|58	1.0
58|129	64|58	1.0
58|129	56|58	1.0
31|38	33|31	0.6
31|38	35|31	0.4
50|129.48	129|50.129.48	1.0
60|71	69|60	1.0
57|56.129	47|	1.0
72|67	69|72	0.5
72|67	70|72.67	1.0
72|67	65|72	0.5
72|67	67|72	0.461538461538
72|67	76|72.67	1.0
72|67	71|72	0.0769230769231
72|67	66|72	0.307692307692
72|67	75|	1.0
67|129.76	71|67	1.0
74|65	58|74	0.25
74|65	62|74	1.0
74|65	72|74	1.0
74|65	65|74	0.25
65|	52|	0.0208333333333
65|	70|65	0.666666666667
65|	58|65	0.0232558139535
65|	60|65	0.285714285714
65|	51|65	1.0
65|	75|65	1.0
65|	129|65	0.9375
65|	64|65	0.5
65|	71|65	0.125
65|	59|65	0.137931034483
65|	56|65	0.0555555555556
65|	48|65	1.0
65|	63|65	0.5
65|	72|65	0.166666666667
65|	67|65	0.25
65|	57|65	0.0588235294118
65|	62|65	0.333333333333
65|	53|65	0.666666666667
65|	69|65	0.0344827586207
65|	81|	0.0196078431373
65|	66|65	1.0
65|	54|	0.0416666666667
65|	73|	0.0153846153846
65|	61|65	0.240384615385
65|	68|65	1.0
65|	74|65	0.0333333333333
50|52.53.52.50.41	46|50	1.0
60|59.57	57|60	0.142857142857
60|59.57	59|60	0.142857142857
60|59.57	62|60	0.714285714286
43|57	46|43	1.0
42|39	36|	1.0
65|75	70|65	0.5
65|75	74|65	0.5
70|65.69	63|70	0.5
70|65.69	74|70	0.5
47|42	35|47.42	1.0
47|42	40|47	0.5
56|59	57|56	0.5
56|59	61|56	0.111111111111
56|59	59|56	0.0555555555556
56|59	58|56	0.5
56|59	54|56	1.0
56|59	53|56	0.0555555555556
56|59	52|56	0.166666666667
56|59	55|56.59	1.0
56|59	50|56	0.111111111111
52|49	56|52	0.166666666667
52|49	46|	0.166666666667
52|49	57|52	0.666666666667
52|49	55|52	1.0
86|	62|86	1.0
86|	89|	0.0666666666667
86|	79|	1.0
86|	84|	0.566666666667
86|	85|	0.285714285714
86|	88|	0.2
86|	74|	0.0333333333333
86|	129|86	1.0
86|	83|	1.0
86|	82|86	0.1
35|44	34|35	1.0
53|129	56|53	0.5
53|129	58|53	1.0
53|129	48|53.129	1.0
53|129	45|	0.333333333333
53|129	55|53	0.333333333333
53|129	55|53.129	0.5
74|79	129|74	1.0
74|79	72|74.79	1.0
74|79	76|74.79	1.0
74|79	79|74	1.0
129|35.129.35.129.35	50|129	1.0
64|66.64.66	61|64.66	0.555555555556
64|66.64.66	62|64	0.444444444444
34|36	44|	0.166666666667
34|36	33|	0.833333333333
38|33.45	31|38	1.0
51|63	63|51	1.0
56|63.58	61|56.63.58	1.0
46|45	43|46	0.25
46|45	50|46	0.125
46|45	47|46	0.833333333333
46|45	48|46	0.166666666667
46|45	45|46.45	1.0
46|45	58|46	0.125
46|45	59|46	0.125
43|41.39	39|43	1.0
68|65.61	65|68.65.61	1.0
68|65.61	72|68	0.5
48|45.48	52|48	0.5
48|45.48	41|48.45	0.5
74|76.74	76|74.76	1.0
74|76.74	71|74	1.0
129|31	38|129.31	1.0
41|39.40	43|41.39	1.0
79|80	78|79	0.75
79|80	77|79	0.25
83|79	76|83	0.5
83|79	78|83	0.5
35|33.48	36|35.33.48	1.0
64|65	67|64	0.142857142857
64|65	129|64	0.0833333333333
64|65	63|64	1.0
64|65	61|64	0.166666666667
64|65	85|	0.0714285714286
64|65	63|64.65	1.0
64|65	65|64.65	0.5
64|65	62|64	1.0
64|65	58|64	0.5
64|65	59|64	0.25
64|65	62|64.65	1.0
64|65	60|64	0.25
62|69.57	57|62.69	1.0
129|42.129.46	57|129	0.0588235294118
129|42.129.46	42|129.42	0.9
129|42.129.46	49|129	0.0666666666667
129|42.129.46	35|129	0.0588235294118
129|42.129.46	46|129	0.0333333333333
72|71.69.67	69|72	0.25
72|71.69.67	64|72	0.25
72|71.69.67	67|72	0.25
72|71.69.67	71|72.71.69	0.25
129|69.129.67	70|129.69	0.307692307692
129|69.129.67	66|129.69	1.0
129|69.129.67	72|129	0.153846153846
129|69.129.67	67|129.69	0.0769230769231
129|69.129.67	74|129.69	0.461538461538
55|53.48	56|55	1.0
55|53.48	57|55	1.0
39|27	34|39	1.0
70|129.69	129|70.129.69	1.0
45|46	46|45.46	0.2
45|46	44|45	0.333333333333
45|46	129|45	1.0
45|46	43|45	0.4
45|46	50|45	0.4
69|57	62|69.57	1.0
64|58	67|64	0.5
64|58	65|64	0.5
64|58	63|64	0.5
64|58	55|64	0.25
64|58	58|64	1.0
64|58	60|64	0.25
129|46.62	51|129	1.0
36|37.43	48|36	0.5
36|37.43	35|36	0.5
69|68.69.71	72|69	1.0
32|39	36|32	0.178571428571
32|39	39|	0.571428571429
32|39	30|	0.0357142857143
32|39	37|	0.178571428571
32|39	129|32	0.0357142857143
77|74	55|77	1.0
77|74	74|77	1.0
60|68	65|60	1.0
64|62	71|64	0.2
64|62	67|64	0.2
64|62	129|64	0.428571428571
64|62	65|64.62	1.0
64|62	68|64	0.05
64|62	61|64.62	1.0
64|62	59|64	0.05
64|62	69|64	0.25
64|62	55|64	0.166666666667
64|62	58|64	0.333333333333
64|62	66|64.62	0.2
64|62	62|64.62	0.05
52|53.56	51|52	1.0
70|68	64|70	1.0
70|68	73|70	1.0
47|52	50|47	1.0
47|52	52|47	1.0
46|62	62|	0.571428571429
46|62	50|46	1.0
46|62	129|46.62	1.0
48|45	46|48	0.0454545454545
48|45	52|48	0.227272727273
48|45	129|48	0.4
48|45	53|48.45	0.5
48|45	41|48.45	1.0
48|45	41|48	0.2
60|55.52	64|60	1.0
55|56.58	52|55	1.0
38|	41|38	0.0338983050847
38|	39|38	0.142857142857
38|	52|38	1.0
38|	26|	0.176470588235
38|	45|38	0.0512820512821
38|	49|	0.666666666667
38|	23|38	1.0
38|	40|38	0.0612244897959
38|	36|38	0.205882352941
38|	55|38	1.0
38|	129|38	0.142857142857
38|	37|38	0.285714285714
38|	44|38	0.025641025641
38|	33|38	0.0169491525424
38|	22|38	1.0
38|	34|38	0.025641025641
38|	50|38	1.0
38|	43|38	0.142857142857
38|	51|	1.0
38|	35|38	0.25641025641
38|	42|38	0.025641025641
38|	31|38	0.6
58|56.129	56|58	1.0
53|52.48	57|53.52	0.5
53|52.48	55|53	0.5
74|71	129|74.71	1.0
74|71	76|74	0.25
74|71	67|74	0.5
74|71	72|74.71	0.5
74|71	79|74	0.25
60|55	48|60	0.0909090909091
60|55	55|60	0.333333333333
60|55	58|60	0.333333333333
60|55	52|60	0.0909090909091
60|55	64|60	0.181818181818
60|55	63|60	0.5
60|55	59|60.55	0.666666666667
129|	59|129	0.5
129|	48|129	0.2
129|	69|129	0.202702702703
129|	52|129	0.230769230769
129|	47|129	0.00182149362477
129|	70|129	0.0945945945946
129|	30|129	0.714285714286
129|	61|129	0.359550561798
129|	84|	0.0208333333333
129|	31|	0.0275229357798
129|	35|129	0.0025641025641
129|	64|129	1.0
129|	29|	0.05
129|	57|129	0.4
129|	127|	1.0
129|	39|	0.153846153846
129|	50|129	0.0550458715596
129|	81|129	1.0
129|	72|129	0.216216216216
129|	67|129	0.162162162162
129|	71|129	0.027027027027
129|	54|	0.2
129|	49|129	0.0327868852459
129|	85|	0.125
129|	58|129	0.2
129|	37|129	0.0550458715596
129|	75|	0.0568181818182
129|	55|129	0.333333333333
129|	44|129	0.513661202186
129|	41|	0.00364298724954
129|	77|129	0.0135135135135
129|	62|129	0.2
129|	38|	0.403669724771
129|	43|129	0.137614678899
129|	32|	0.428571428571
129|	34|129	0.466666666667
129|	65|129	1.0
129|	86|129	0.5
129|	56|129	0.179775280899
129|	79|129	0.0104166666667
129|	68|129	0.107317073171
129|	74|129	0.135135135135
129|	78|	0.333333333333
129|	53|129	0.375
129|	90|	0.666666666667
129|	46|129	0.0218579234973
129|	60|129	1.0
129|	42|	0.50139275766
129|	33|129	0.0733944954128
129|	83|	0.0208333333333
129|	45|129	0.110091743119
129|	76|129	0.03125
129|	63|129	0.25
129|	51|129	0.329690346084
129|	40|129	0.137614678899
129|	73|129	0.333333333333
129|	36|	0.008356545961
129|	66|129	0.1875
53|51	58|53	0.5
53|51	54|53	0.4
53|51	59|53	1.0
53|51	55|53	0.2
53|51	56|53.51	0.333333333333
53|51	47|53	0.2
53|51	46|53	0.2
129|46.129.46.129.46.129.53	46|129.46.129.46.129.46.129.53	1.0
59|62.61.59	56|59.62	1.0
61|59.57.61.52	62|61	1.0
57|56.59.62	59|57.56	1.0
67|70	63|67	0.166666666667
67|70	61|67	0.5
67|70	68|67	0.333333333333
67|70	70|67	0.25
67|70	64|67	1.0
67|70	65|67	0.666666666667
67|70	65|67.70	0.333333333333
67|70	60|67	0.25
67|70	69|67	0.333333333333
129|69.66	67|129.69	1.0
78|	72|78	0.333333333333
78|	86|	0.166666666667
78|	74|78	1.0
78|	77|78	0.375
78|	76|78	0.375
78|	81|78	0.025
78|	71|78	0.666666666667
78|	90|	0.4
78|	83|	0.4
78|	79|78	0.425
78|	91|	0.2
78|	129|	0.1
78|	66|	0.1
67|68	72|67	0.333333333333
67|68	66|67	1.0
67|68	129|67	0.166666666667
67|68	64|67	0.0625
67|68	65|67	0.5
67|68	68|67	0.333333333333
67|68	62|67	0.166666666667
49|50.33	40|49	1.0
70|72	58|70	0.2
70|72	63|70	0.333333333333
70|72	65|70	0.260869565217
70|72	129|70.72	0.0869565217391
70|72	68|70	1.0
70|72	66|70	1.0
70|72	55|70	0.333333333333
70|72	67|70	0.333333333333
70|72	72|70	0.333333333333
70|72	72|70.72	1.0
70|72	129|70	0.5
70|72	69|70.72	0.652173913043
70|72	69|70	0.5
43|50	129|43.50	1.0
43|50	31|43	1.0
59|53	55|59	1.0
59|53	62|59	1.0
59|53	53|59	0.666666666667
59|53	60|59	0.333333333333
59|53	50|59	1.0
74|67.71	73|74	1.0
57|55.41	48|57	1.0
55|72	57|55	1.0
48|29	53|48	1.0
69|71.76	71|69.71.76	1.0
54|49.47	129|54	1.0
55|48	56|55	1.0
55|48	51|55	1.0
78|77	79|78	1.0
55|56	50|55	0.25
55|56	54|55	0.25
55|56	58|55.56	0.75
55|56	60|55	0.166666666667
55|56	53|55	0.5
55|56	57|55	0.5
55|56	61|55	0.25
55|56	56|55.56	0.142857142857
55|56	72|	0.166666666667
55|56	43|55	0.2
55|56	66|55	0.142857142857
55|56	129|55	0.125
55|56	51|55	0.125
55|56	48|55	0.666666666667
88|81	86|88.81	0.666666666667
60|62.63	58|60.62	1.0
74|71.69	72|74.71.69	1.0
74|71.69	76|74	0.5
68|56	72|68	1.0
63|61.63.65.63	65|63	1.0
45|44.49	50|45.44	1.0
48|50	47|48	0.5
48|50	46|48	0.285714285714
48|50	45|48	0.5
48|50	60|48	0.285714285714
48|50	44|	0.5
48|50	50|48	0.285714285714
48|50	53|48.50	1.0
48|50	40|	0.142857142857
129|38.129.50	31|	0.5
129|38.129.50	40|129	0.5
52|53	50|52	0.666666666667
52|53	56|52	0.166666666667
52|53	64|52	0.25
52|53	129|52	0.166666666667
52|53	53|52.53	0.166666666667
52|53	45|52	0.166666666667
52|53	43|52	1.0
52|53	55|52	0.666666666667
52|53	58|52	0.333333333333
52|53	60|52	0.5
47|129	129|47	1.0
46|45.29	41|46	1.0
57|55	61|57	0.285714285714
57|55	58|57.55	0.5
57|55	48|57	0.111111111111
57|55	59|57.55	1.0
57|55	62|57	0.75
57|55	52|57	0.111111111111
57|55	53|57	0.5
57|55	60|57	0.5
57|55	55|57.55	0.5
57|55	62|57.55	0.8
57|55	54|57	1.0
69|71.68	68|69.71	0.5
69|71.68	71|69.71	0.5
71|69.71.78	79|71	1.0
60|64.50	62|60	1.0
55|62	57|55	1.0
55|62	62|55	1.0
129|32	30|129	0.333333333333
129|32	37|129	0.666666666667
129|32	34|129	0.666666666667
129|32	35|129	0.333333333333
129|32	66|129	1.0
33|28	129|33	0.25
33|28	35|33	0.666666666667
33|28	38|33	0.75
33|28	38|33.28	1.0
61|56	58|61	0.16
61|56	55|61	0.25
61|56	60|61.56	1.0
61|56	56|61	1.0
61|56	63|61	0.25
61|56	62|61.56	1.0
61|56	59|61	0.04
65|72	64|65	0.25
65|72	66|65	0.25
65|72	63|65	0.25
65|72	70|65.72	1.0
65|72	58|65	0.25
65|72	68|65	0.25
65|72	74|65	0.5
55|53.61	61|55	0.5
55|53.61	56|55	0.5
49|48.47	50|49	1.0
48|50.52	46|48	1.0
129|34.129.34.129.34.129.34.129.41	39|	1.0
72|70.69	74|72.70.69	0.25
72|70.69	65|72	0.2
68|63	63|68	0.5
68|63	62|68	0.333333333333
68|63	60|68	1.0
68|63	129|68	1.0
68|63	70|68	0.5
68|63	59|68	1.0
68|63	72|68	1.0
68|63	73|	0.333333333333
72|71.72.78	79|72	1.0
82|85	76|	1.0
61|53	58|61	0.5
61|53	63|61	0.5
61|53	129|61	0.5
61|53	51|	0.5
41|48.41	53|41.48	1.0
129|69.71	69|129.69.71	0.333333333333
129|69.71	67|129.69	0.25
49|57	50|49.57	1.0
43|26	38|43	1.0
45|54	52|45	1.0
50|45	52|50	0.333333333333
50|45	46|50	0.333333333333
50|45	53|50	0.5
50|45	43|50	1.0
50|45	49|50	0.333333333333
50|45	55|50	0.5
50|45	45|50	0.333333333333
50|45	57|50	1.0
50|45	48|50.45	1.0
71|74	74|71	0.2
71|74	69|71.74	1.0
71|74	72|71	0.8
43|42.47	40|43	1.0
58|51	59|58	1.0
58|51	60|58	1.0
72|67.64	66|72	1.0
77|72	76|77	1.0
77|72	72|77	1.0
54|49.54	59|54	1.0
54|49.54	52|54	1.0
129|44.129.44.129.49	46|129	1.0
81|84	77|81	0.333333333333
81|84	80|81	0.666666666667
81|84	88|81	1.0
129|53.129.53	38|	1.0
129|70.129	72|129.70	0.214285714286
129|70.129	74|129.70	0.357142857143
129|70.129	69|129.70.129	1.0
60|61.129	129|60	0.111111111111
60|61.129	61|60	0.888888888889
68|53	65|68	1.0
57|55.58	53|57	1.0
55|46	51|55	1.0
60|57	61|60	0.5
60|57	56|60	0.2
60|57	57|60.57	0.166666666667
60|57	58|60	0.5
60|57	46|60	0.25
60|57	65|60.57	1.0
60|57	129|60	0.333333333333
60|57	63|60	1.0
60|57	50|60	0.25
60|57	62|60	0.2
52|38	53|52	1.0
64|73	66|64	1.0
66|	67|66	0.484848484848
66|	76|66	0.2
66|	63|66	0.030303030303
66|	64|66	0.19696969697
66|	129|66	0.00900900900901
66|	57|66	0.25
66|	59|66	0.125
66|	60|66	0.0909090909091
66|	43|	1.0
66|	65|66	0.25
66|	70|66	0.75
66|	68|66	0.0757575757576
66|	61|66	0.0625
66|	74|66	1.0
66|	91|	1.0
66|	73|66	1.0
66|	69|66	0.0454545454545
66|	71|66	0.0454545454545
66|	85|	0.037037037037
66|	54|66	0.142857142857
66|	62|66	0.030303030303
66|	56|	0.0833333333333
66|	72|66	0.0714285714286
74|72.70.72	76|74	1.0
55|52.50	57|55	1.0
38|26	26|	1.0
57|58.59	48|57	1.0
63|54	60|63	1.0
63|54	51|63	1.0
71|72.76	72|71.72	1.0
129|70.72	69|129.70	1.0
87|	86|	1.0
74|129.69	129|74.129.69	1.0
46|129.46.129.53	129|46.129.46.129.53	1.0
28|	34|28	1.0
28|	43|28	1.0
28|	45|	1.0
28|	31|28	1.0
28|	33|28	0.75
33|40.38	42|33	1.0
34|30	32|34.30	0.666666666667
33|129	129|33	0.5
33|129	38|33	0.5
62|60.62	63|62.60.62	1.0
62|60.62	60|62	0.25
62|60.62	58|62.60	0.25
37|32.31	32|37.32.31	1.0
72|71.72	79|72	0.117647058824
72|71.72	81|72	0.176470588235
72|71.72	74|72.71.72	0.5
72|71.72	69|72	0.0588235294118
72|71.72	78|72	0.176470588235
72|71.72	76|72	0.0588235294118
72|71.72	71|72.71	0.0588235294118
41|129.41.129.43	129|41.129.41.129.43	1.0
43|31	31|43	0.5
43|31	36|43	0.5
43|31	45|43	1.0
41|42.36	37|41	1.0
56|73	68|56	0.9375
56|73	61|56	0.0625
74|75	81|74	0.25
74|75	72|74.75	0.888888888889
74|75	62|74	0.111111111111
74|75	67|74	1.0
74|75	72|74	1.0
74|75	73|74	0.25
68|	70|68	0.285714285714
68|	74|68	0.0869565217391
68|	48|	0.0980392156863
68|	66|68	0.217391304348
68|	62|68	0.0454545454545
68|	59|68	0.0909090909091
68|	129|68	1.0
68|	61|68	0.363636363636
68|	76|	0.0238095238095
68|	51|	0.0980392156863
68|	72|68	0.380952380952
68|	63|68	0.142857142857
68|	67|68	0.0952380952381
68|	49|	0.294117647059
68|	71|68	1.0
68|	64|68	0.625
68|	65|68	0.238095238095
68|	60|68	1.0
68|	69|68	0.608695652174
68|	44|	0.490196078431
68|	77|	0.238095238095
68|	56|68	0.047619047619
68|	73|	0.0555555555556
46|50.129	43|46	1.0
61|60	58|61	0.142857142857
61|60	63|61	0.357142857143
61|60	65|61	0.142857142857
61|60	57|61	0.333333333333
61|60	60|61.60	0.363636363636
61|60	56|61.60	0.0909090909091
61|60	65|61.60	0.0454545454545
61|60	64|61	0.0714285714286
61|60	67|61	0.0714285714286
61|60	129|61.60	0.2
61|60	63|61.60	1.0
57|58	55|57	0.166666666667
57|58	58|57	0.153846153846
57|58	48|57	0.230769230769
57|58	62|57.58	1.0
57|58	60|57	1.0
57|58	55|57.58	0.230769230769
57|58	60|57.58	0.666666666667
57|58	67|57	0.333333333333
57|58	56|57	0.153846153846
129|41	46|129.41	0.5
129|41	48|129	1.0
129|41	38|	0.0588235294118
129|41	34|129.41	1.0
129|41	43|129	0.0588235294118
129|41	53|129	1.0
129|41	41|129.41	0.5
129|41	51|129	0.5
129|41	36|	0.5
129|41	29|	0.176470588235
129|41	67|129	1.0
42|45.49	49|42	1.0
129|68.129.68	72|129	0.333333333333
129|68.129.68	74|129	0.666666666667
79|81	76|79	1.0
79|81	78|79	0.6
79|81	77|79	0.4
66|67	64|66	0.4
66|67	64|66.67	0.666666666667
66|67	61|66	0.333333333333
66|67	129|66	1.0
66|67	62|66	0.5
66|67	72|66	0.1
66|67	67|66.67	0.142857142857
66|67	65|66	0.857142857143
44|47.44	47|44	1.0
48|43	50|48	0.333333333333
48|43	47|48	0.333333333333
48|43	33|48	1.0
48|43	53|48.43	0.333333333333
48|43	60|48	1.0
48|43	43|48.43	1.0
48|43	36|48	0.2
48|43	52|48	0.8
48|43	41|48	0.333333333333
129|62.129.62.129.62.129.62	63|129	0.823529411765
129|62.129.62.129.62.129.62	65|129	0.117647058824
129|62.129.62.129.62.129.62	70|129	0.0588235294118
53|55.57.58	55|53.55	1.0
69|70.65	67|69	1.0
82|74	72|82	1.0
41|129.41	129|41.129.41	0.375
64|66.129.59	69|64	1.0
53|57	57|53	1.0
53|57	49|53	1.0
53|57	50|53	0.333333333333
53|57	51|53	0.5
53|57	55|53.57	0.5
53|57	54|53	0.333333333333
72|58	65|72	1.0
38|37.38.37	35|38	1.0
52|48.47	51|52	1.0
129|47	45|129	1.0
129|47	38|	0.4
129|47	43|129	0.2
129|47	35|129	0.5
129|47	52|129	1.0
129|47	47|129	0.5
129|47	43|129.47	1.0
61|63.65.61.58	58|61	1.0
69|70.67	72|69	1.0
56|60.65	60|56.60	1.0
43|41	39|43	0.0769230769231
43|41	38|43	0.153846153846
43|41	40|43	0.333333333333
43|41	52|43	0.333333333333
43|41	44|43	0.153846153846
43|41	45|43	0.615384615385
72|69	69|72	0.5
72|69	73|72	0.5
72|69	63|72	0.25
72|69	65|72	0.333333333333
72|69	70|72	0.333333333333
72|69	77|72	0.5
72|69	70|72.69	1.0
72|69	71|72	0.333333333333
72|69	60|72	0.25
72|69	71|72.69	1.0
72|69	67|72	0.5
72|69	76|72	0.5
72|69	74|72	1.0
59|64	57|59	0.987654320988
59|64	62|59	1.0
59|64	64|59.64	1.0
59|64	66|59	0.538461538462
41|129.34.129.29	129|41.129.34.129.29	1.0
45|47	49|45	1.0
45|47	44|45	0.166666666667
45|47	40|45	1.0
45|47	41|45	1.0
45|47	43|45	0.833333333333
79|77	81|79	1.0
79|77	80|79	0.25
79|77	77|79	0.25
79|77	74|79	0.5
35|33.28.35	36|35.33.28.35	1.0
71|129	73|71	1.0
71|129	69|71	0.5
71|129	67|71	0.5
71|129	74|71	0.571428571429
71|129	129|71.129	1.0
71|129	72|71	1.0
54|57	50|54	0.166666666667
54|57	53|54	1.0
54|57	59|54	0.5
54|57	52|54	1.0
54|57	56|54	0.166666666667
54|57	61|54	0.5
54|57	62|54.57	1.0
54|57	63|54	1.0
54|57	51|54	0.666666666667
60|129	61|60	0.266666666667
60|129	58|60	1.0
60|129	57|60	0.8
60|129	65|60	0.733333333333
60|129	64|60	1.0
60|129	63|60	1.0
36|34	38|36	0.857142857143
36|34	24|36.34	1.0
77|70	75|77	1.0
129|41.129.34.129.29	41|129.41.129.34.129.29	1.0
70|129.72	72|70	1.0
71|69.129	129|71	0.5
71|69.129	69|71.69	0.5
48|45.41	53|48.45	0.916666666667
48|45.41	46|48	0.0833333333333
76|77.79	77|76	1.0
74|73	76|74	1.0
74|73	129|74.73	1.0
74|73	81|74	0.0909090909091
74|73	83|74	0.181818181818
74|73	76|74.73	1.0
74|73	71|74	0.0909090909091
74|73	67|74	0.571428571429
74|73	72|74	0.0909090909091
74|73	73|74	0.181818181818
45|49	49|45	0.2
45|49	44|45	0.230769230769
45|49	47|45	0.153846153846
45|49	33|45	1.0
45|49	54|45	0.0769230769231
45|49	42|45.49	0.230769230769
45|49	40|45	0.333333333333
45|49	52|45.49	0.0769230769231
45|49	50|45	0.230769230769
82|77	79|82	1.0
61|59.57.59	64|61	1.0
61|69	57|61	1.0
61|69	63|61	1.0
129|70.69	72|129.70	0.3
129|70.69	74|129.70	0.2
129|70.69	67|129.70	0.5
36|49	35|36	0.5
36|49	24|	0.5
77|	72|77	0.333333333333
77|	76|77	0.941176470588
77|	80|	0.190476190476
77|	129|77	1.0
77|	75|77	1.0
77|	79|77	0.6
77|	55|77	1.0
77|	70|77	1.0
77|	65|77	0.428571428571
77|	74|77	0.0588235294118
77|	82|77	1.0
77|	81|	0.2
77|	78|77	0.333333333333
77|	56|	0.0434782608696
77|	73|	1.0
67|76	69|67.76	1.0
67|76	66|67	0.285714285714
67|76	70|67	1.0
42|47	43|42.47	1.0
42|47	50|42.47	1.0
54|61	50|54	0.166666666667
54|61	57|54	1.0
54|61	56|54	1.0
54|61	58|54	1.0
54|61	49|54.61	1.0
129|44.129.53	44|129.44.129.53	1.0
69|129	129|69.129	0.8
69|129	70|69.129	1.0
69|129	74|69.129	0.25
69|129	68|69	1.0
69|129	71|69.129	0.5
69|129	62|69	0.333333333333
69|129	72|69	0.5
69|129	67|69	0.5
71|69.72	72|71.69	0.666666666667
71|69.72	68|71	0.333333333333
52|53.52.50.41	50|52.53.52.50.41	1.0
52|57.52.57	49|52	1.0
69|61	59|69.61	1.0
69|61	60|69	0.875
69|61	64|69.61	1.0
69|61	72|69	0.0625
72|70.67	76|72	0.5
72|70.67	73|72	0.5
69|129.75	129|69.129.75	1.0
38|46	43|38	0.5
38|46	37|38	1.0
38|46	50|38	0.5
46|48	129|46	0.333333333333
46|48	38|46	0.333333333333
46|48	50|46	1.0
46|48	44|46	1.0
46|48	48|46	0.333333333333
46|48	45|46.48	1.0
46|48	43|46	1.0
44|38	43|44	0.333333333333
44|38	38|44	0.333333333333
44|38	39|44	0.333333333333
57|64	59|57.64	0.333333333333
57|64	61|57	0.25
57|64	62|57	0.75
38|61	44|38	1.0
70|63	63|70	0.5
70|63	58|70	0.5
70|63	68|70	0.5
70|63	69|70	1.0
68|129.68	74|68	0.4
68|129.68	129|68.129.68	0.666666666667
43|36	31|43	1.0
43|36	36|43	1.0
46|41	37|46.41	1.0
46|41	36|46	0.333333333333
46|41	51|46	0.666666666667
46|41	45|46	1.0
46|41	38|46	0.25
46|41	41|46	0.25
46|41	34|46	0.25
42|38	43|42.38	1.0
42|38	44|42	1.0
62|61	50|62	0.136363636364
62|61	71|62	1.0
62|61	64|62.61	0.5
62|61	52|62	0.0909090909091
62|61	60|62.61	0.5
62|61	59|62	0.5
62|61	61|62	1.0
62|61	61|62.61	0.5
62|61	65|62	1.0
62|61	64|62	1.0
57|48.62	48|57	1.0
60|64	61|60	0.5
60|64	59|60.64	0.333333333333
60|64	58|60	0.25
60|64	57|60	0.5
60|64	66|60	0.5
60|64	65|60.64	0.5
60|64	61|60.64	1.0
60|64	129|60	1.0
60|64	53|60	0.333333333333
60|64	62|60	1.0
60|64	55|60.64	1.0
77|76.79	76|77	1.0
129|35.129.35.129.48	47|129	1.0
59|60.61	58|59	1.0
59|60.61	65|59	0.5
59|60.61	60|59.60	0.5
45|50.40	43|45	1.0
48|36	41|48.36	1.0
30|32.34.30	37|30.32.34	0.25
30|32.34.30	34|30	0.5
30|32.34.30	42|30	0.25
60|65.63	63|60.65.63	1.0
56|58.55	44|56	1.0
45|40	49|45	0.428571428571
45|40	44|45	0.142857142857
45|40	47|45	0.0714285714286
45|40	33|45	0.285714285714
45|40	40|45	0.0714285714286
45|40	43|45	0.5
65|67.66	63|65	1.0
38|39.40	36|38	1.0
61|63.65.63	65|61	0.285714285714
61|63.65.63	66|61	0.285714285714
61|63.65.63	63|61.63.65.63	1.0
61|63.65.63	129|61	0.142857142857
71|67.71	60|71	1.0
35|129.35.129.48	129|35.129.35.129.48	1.0
64|129.61	129|64	1.0
35|40	36|35.40	0.571428571429
35|40	36|35	1.0
35|40	40|35	1.0
43|38	36|43	0.2
43|38	38|43.38	0.2
43|38	46|43	1.0
43|38	47|43	0.4
43|38	31|43	0.2
60|61.56	63|60	1.0
59|57.54	61|59.57.54	1.0
58|55.52	54|58	1.0
58|55.52	45|58	0.5
58|55.52	48|58	0.5
129|36	41|129.36	1.0
129|36	38|129.36	1.0
129|36	43|129	0.333333333333
129|36	65|129	1.0
129|36	36|	0.333333333333
40|129.59	129|40.129.59	0.5
58|61.65	61|58	1.0
52|40	40|	1.0
58|60.58	62|58	1.0
71|72.69.67	69|71.72.69.67	1.0
42|129.40	129|42.129.40	0.00327868852459
46|129.43	129|46.129.43	1.0
129|62.129.62	62|129.62.129.62	0.666666666667
129|62.129.62	63|129	0.274509803922
129|62.129.62	65|129	0.0392156862745
129|62.129.62	70|129	0.0196078431373
50|59	47|50	0.5
50|59	60|50	0.5
50|59	52|50.59	1.0
62|67	66|62	1.0
62|67	129|62	0.166666666667
62|67	64|62.67	1.0
62|67	61|62	0.333333333333
62|67	60|62	0.2
62|67	69|62.67	1.0
62|67	63|62	0.333333333333
62|67	65|62	0.333333333333
62|67	64|62	0.333333333333
44|129	37|44	0.333333333333
44|129	129|44	0.666666666667
70|71	69|70.71	1.0
129|67.71	71|129	1.0
59|129	61|59.129	1.0
59|129	57|59	1.0
36|38	39|36	0.166666666667
36|38	43|36	0.142857142857
36|38	38|36	0.166666666667
36|38	35|36	0.857142857143
36|38	34|36	0.166666666667
67|	56|67	1.0
67|	66|67	0.376344086022
67|	65|67	0.0215053763441
67|	73|67	1.0
67|	48|	0.75
67|	74|67	0.0967741935484
67|	57|67	1.0
67|	61|67	0.142857142857
67|	70|67	1.0
67|	78|	0.0645161290323
67|	53|	0.142857142857
67|	58|67	0.047619047619
67|	60|67	0.3
67|	71|67	0.25
67|	64|67	0.0322580645161
67|	49|	0.25
67|	36|67	1.0
67|	68|67	0.214285714286
67|	59|67	1.0
67|	63|67	1.0
67|	79|67	1.0
67|	81|	0.5
67|	76|67	0.5
67|	55|67	0.0909090909091
67|	72|67	0.666666666667
67|	69|67	0.333333333333
67|	62|67	0.0215053763441
67|	129|67	0.615384615385
67|64.69	129|67	1.0
73|67	72|73.67	1.0
75|65	77|75	1.0
129|58.53	46|129	1.0
61|63.61.63	58|61	0.25
61|63.61.63	60|61.63.61.63	1.0
61|63.61.63	129|61	0.25
69|67.129	129|69.67	1.0
81|88	85|	1.0
84|	81|84	0.2
84|	82|	0.285714285714
84|	86|84	0.125
84|	129|	0.333333333333
84|	63|84	1.0
84|	88|	0.5
84|	83|84	1.0
84|	68|	0.333333333333
129|68	74|129	0.222222222222
129|68	68|129	0.636363636364
129|68	70|129.68	1.0
129|68	68|129.68	0.636363636364
129|68	54|	1.0
129|68	72|129	0.111111111111
129|68	65|129	0.181818181818
129|68	71|129	1.0
129|68	67|129	0.181818181818
40|38.37	41|40	0.333333333333
40|38.37	38|40	0.666666666667
62|75	58|62.75	1.0
44|42	45|44.42	0.5
44|42	41|44	0.6
29|	41|29	1.0
29|	38|29	1.0
29|	129|29	1.0
29|	34|29	0.666666666667
29|	48|29	1.0
29|	44|29	1.0
29|	45|29	1.0
53|49	56|53	1.0
53|49	72|	0.333333333333
53|49	48|53	0.333333333333
53|49	55|53	0.333333333333
53|49	54|53.49	1.0
57|60	55|57	1.0
57|60	56|57	0.666666666667
57|60	129|57	0.333333333333
57|60	60|57	0.333333333333
57|60	63|57	0.5
57|60	58|57.60	1.0
57|60	65|57	0.333333333333
57|60	53|57	0.333333333333
57|60	59|57.60	1.0
57|60	62|57.60	0.333333333333
57|60	66|57	0.5
129|44	44|129	0.900709219858
129|44	50|129	0.0032154340836
129|44	47|129	0.0064308681672
129|44	53|129	0.0354609929078
129|44	49|129	0.0283687943262
129|44	46|129	0.0354609929078
50|129	46|50.129	1.0
50|129	129|50	1.0
50|129	48|50	0.5
81|129	82|81	1.0
64|57	62|64.57	1.0
64|57	69|64.57	0.574468085106
64|57	65|64.57	1.0
64|57	60|64	1.0
129|71.129	67|129	1.0
69|	57|69	0.142857142857
69|	60|69	0.450980392157
69|	129|69	0.2
69|	72|69	0.0582524271845
69|	90|	0.5
69|	67|69	0.125
69|	76|69	0.0485436893204
69|	63|69	0.02
69|	78|	0.5
69|	45|	0.00925925925926
69|	73|69	0.142857142857
69|	55|69	1.0
69|	66|69	0.0291262135922
69|	59|69	0.403669724771
69|	62|69	0.00970873786408
69|	65|69	0.125
69|	70|69	0.75
69|	81|	0.333333333333
69|	61|69	0.0366972477064
69|	68|69	0.126213592233
69|	74|69	0.0582524271845
69|	79|	0.0194174757282
69|	64|69	0.0485436893204
69|	75|69	1.0
69|	71|69	0.359223300971
129|55	41|	0.25
129|55	60|129	1.0
129|55	50|129.55	1.0
129|55	59|129	1.0
129|55	48|129	0.146341463415
129|55	53|129.55	1.0
129|55	43|129	0.5
129|55	47|129	0.0731707317073
129|55	70|129	0.25
129|55	63|129	1.0
129|55	49|129	1.0
129|55	55|129	0.5
129|55	67|129	0.25
129|72	74|129.72	0.333333333333
129|72	76|129	0.333333333333
129|72	66|129	0.666666666667
129|72	70|129.72	1.0
129|72	71|129	0.333333333333
129|72	70|129	0.625
48|59	41|48	1.0
49|54.61	42|49	1.0
53|52.50.41	52|53.52.50.41	1.0
74|76.69	86|	0.2
74|76.69	76|74	1.0
74|76.69	129|74	1.0
74|76.69	129|74.76	0.6
72|77	70|72	1.0
72|77	78|72	1.0
50|45.52	46|50	1.0
55|54	129|55	1.0
55|54	53|55	0.166666666667
55|54	51|55	0.333333333333
55|54	56|55	0.222222222222
55|54	57|55	0.5
55|54	54|55	0.333333333333
55|54	48|55	0.166666666667
55|54	42|	0.444444444444
55|54	56|55.54	0.166666666667
55|54	58|55	0.166666666667
55|54	59|55	0.111111111111
64|62.71	71|64	0.8
64|62.71	59|64	0.2
129|46.129.49	42|129.46.129.49	1.0
50|129.50.55	45|50	1.0
72|62	69|72	0.333333333333
72|62	64|72	1.0
72|62	65|72	0.333333333333
72|62	70|72	0.333333333333
86|129	82|86	1.0
35|33	30|35	1.0
35|33	24|	0.047619047619
35|33	37|35	0.0952380952381
35|33	36|35	0.666666666667
35|33	28|35	0.142857142857
35|33	40|35	0.047619047619
51|50	52|51	0.181818181818
51|50	56|51	0.0909090909091
51|50	53|51	0.363636363636
51|50	48|51	0.181818181818
51|50	58|51	1.0
51|50	45|	0.25
51|50	61|	0.5
51|50	44|51	0.5
51|50	54|51	0.5
51|50	55|51	0.181818181818
51|56.58	58|51	1.0
43|59	47|43	1.0
34|39	37|34	0.142857142857
34|39	43|34	0.142857142857
34|39	39|34	0.142857142857
34|39	38|34	0.142857142857
34|39	55|34	0.142857142857
34|39	35|34	0.285714285714
129|72.129.74	71|129	1.0
63|65	60|63	1.0
63|65	61|63	0.830508474576
63|65	67|63	0.117647058824
63|65	69|63	0.5
63|65	58|63	0.0677966101695
63|65	68|63	0.333333333333
63|65	129|63	0.101694915254
63|65	62|63	0.833333333333
63|65	72|63	0.5
63|65	56|63	0.5
63|65	65|63	0.142857142857
61|59.57.54	129|61	1.0
62|57.62	69|62	1.0
53|129.53	129|53.129.53	1.0
67|66.62	64|67	1.0
67|66.62	62|67	0.5
67|66.62	66|67.66.62	1.0
58|72	62|58	0.5
58|72	57|58	0.5
55|57.58.57	57|55	1.0
129|58.129.53	46|129	1.0
54|42	57|54.42	1.0
129|69.129	69|129.69	0.8
129|69.129	66|129.69	0.2
63|58	55|63	0.666666666667
63|58	60|63.58	1.0
63|58	59|63	0.25
63|58	75|63	0.166666666667
63|58	129|63	1.0
63|58	56|63.58	1.0
63|58	72|63	1.0
50|51	51|50	0.666666666667
50|51	43|50	0.1
50|51	52|50	0.333333333333
50|51	48|50	0.5
50|51	49|50	0.2
50|51	47|50	0.2
69|70	64|69	0.333333333333
69|70	68|69.70	0.333333333333
69|70	72|69	1.0
69|70	65|69	0.166666666667
69|70	66|69	0.25
69|70	70|69.70	0.333333333333
69|70	67|69	0.75
129|53.129.53.129.55	55|129	1.0
129|50.129.50	55|129	1.0
61|68	65|61	0.5
61|68	68|61	1.0
61|68	66|61	1.0
61|68	70|61	0.5
78|76.74.76	79|78.76.74.76	1.0
72|67.69	71|72	0.333333333333
72|67.69	76|72.67	0.666666666667
57|60.58	60|57	1.0
69|70.72	68|69	0.5
69|70.72	70|69.70	0.25
69|70.72	67|69	0.25
65|51	68|65	1.0
129|56.61	56|129	0.25
129|56.61	54|	0.75
57|58.57	55|57	1.0
57|58.57	58|57	1.0
57|58.57	55|57.58.57	1.0
58|60.72	67|58	0.5
58|60.72	74|58	0.5
63|60.61	66|63	0.5
63|60.61	65|63	0.5
53|48.45	57|53	1.0
53|48.45	48|53	1.0
53|48.45	52|53	1.0
53|55.53	50|53	1.0
45|44.42	39|45	0.5
45|44.42	42|45	0.5
76|	74|76	0.363636363636
76|	73|76	1.0
76|	78|76	0.3
76|	58|	0.666666666667
76|	71|76	0.0505050505051
76|	129|76	0.428571428571
76|	77|76	0.040404040404
76|	75|76	0.0707070707071
76|	81|	0.030303030303
76|	86|	0.25
76|	79|76	0.040404040404
76|	72|76	0.0707070707071
76|	68|76	1.0
76|	67|76	0.0707070707071
76|	66|76	1.0
76|	69|76	0.040404040404
38|53	26|	0.333333333333
38|53	36|38	0.333333333333
38|53	41|38	0.333333333333
65|129.65	67|65	1.0
129|49.129.51	51|129	1.0
36|32	37|36	1.0
66|70	67|66	0.5
66|70	71|66	0.5
66|70	72|66	1.0
63|65.66.65.61.58	129|63	1.0
129|38.129.43	33|129	1.0
129|38.129.43	38|	0.8
129|38.129.43	43|129.38.129.43	1.0
60|50	52|60	1.0
36|67	40|36	1.0
32|37.32.31	36|32	1.0
58|53	129|58.53	1.0
58|53	57|58	0.5
58|53	56|58	0.5
58|53	61|58	1.0
58|53	51|58	1.0
58|53	53|58	1.0
58|53	129|58	0.5
58|53	55|58	0.5
58|53	67|58	0.4
58|53	48|58	1.0
58|53	65|58	0.2
64|66.61	66|64.66.61	1.0
51|44	48|51	1.0
49|129	129|49	0.2
49|129	50|49	0.6
49|129	59|	0.2
42|40.35	44|42	0.5
42|40.35	35|42	0.5
72|70.72	74|72.70.72	1.0
56|58.61	62|56	0.5
56|58.61	61|56	0.5
59|55	58|59	0.5
59|55	43|59	0.5
59|55	58|59.55	1.0
59|55	56|59	1.0
54|48	62|54	1.0
59|64.59.57.59	64|59.64	1.0
53|62	62|53	1.0
71|69.71.76	78|71	1.0
69|70.72.74	67|69	1.0
62|63	70|62	0.166666666667
62|63	67|62	0.5
62|63	129|62	0.166666666667
62|63	59|62	0.333333333333
62|63	61|62	0.166666666667
62|63	129|62.63	0.5
62|63	60|62.63	1.0
62|63	60|62	0.666666666667
62|63	63|62	0.5
62|63	61|62.63	1.0
62|63	65|62	0.333333333333
76|83	78|76.83	1.0
74|69.129	69|74	1.0
86|88.81	74|	0.333333333333
86|88.81	89|	0.666666666667
38|45	26|	0.5
38|45	40|38	1.0
38|45	52|38	0.5
51|53	53|51	0.142857142857
51|53	50|51	0.714285714286
51|53	49|51	0.142857142857
51|53	44|51	1.0
64|62.64.66	67|64	0.8
64|62.64.66	66|64.62	0.2
46|129	129|46.129	1.0
46|129	62|46.129	1.0
46|129	51|46	0.333333333333
46|129	48|46.129	0.5
59|57.59.57.59	57|59.57.59.57.59	1.0
42|37	40|42	1.0
42|37	37|42	0.125
42|37	45|42	0.75
42|37	35|42	0.125
64|61.129	66|64	0.588235294118
64|61.129	57|64	0.411764705882
50|31	55|50	1.0
36|53	38|36	1.0
63|49	60|63	1.0
65|67.64	66|65	0.5
65|67.64	64|65	0.5
60|58.65	61|60	0.5
60|58.65	72|60	0.5
65|62	52|	0.333333333333
65|62	69|65	0.333333333333
65|62	64|65	1.0
65|62	129|65	0.166666666667
65|62	71|65	0.166666666667
65|62	62|65.62	1.0
65|62	67|65	0.75
65|62	70|65.62	0.5
65|62	67|65.62	0.333333333333
65|62	129|65.62	0.4
65|62	57|65	0.166666666667
65|62	60|65	0.5
65|62	62|65	0.5
65|62	68|65	1.0
58|56.55	61|58	0.5
58|56.55	55|58	0.5
74|72.71.72	72|74.72	0.5
74|72.71.72	71|74	0.166666666667
74|72.71.72	67|74	0.333333333333
60|56	61|60	1.0
60|56	56|60	0.818181818182
60|56	58|60	1.0
60|56	59|60.56	1.0
60|56	53|60	0.166666666667
60|56	63|60	0.333333333333
60|56	57|60	0.166666666667
52|51	129|52	0.4
52|51	57|52.51	1.0
52|51	57|52	1.0
52|51	59|	1.0
52|51	56|52	0.2
52|51	49|52	1.0
52|51	54|52	0.333333333333
52|51	55|52.51	0.333333333333
52|51	53|52	0.333333333333
59|64.68	66|59	1.0
129|34	30|129	1.0
129|34	39|	0.10843373494
129|34	38|	0.0361445783133
129|34	41|129.34	0.10843373494
129|34	43|129	0.0361445783133
129|34	34|129	0.710843373494
129|34	46|129	0.0434782608696
71|72	67|71	0.0454545454545
71|72	72|71.72	0.0588235294118
71|72	69|71	0.545454545455
71|72	74|71	0.0227272727273
71|72	73|71.72	0.5
45|43.48	46|45.43.48	1.0
81|85	88|81	0.5
81|85	86|	0.5
44|51	45|44	1.0
61|41	60|61	1.0
42|129.46	129|42.129.46	1.0
70|65.70	63|70	1.0
63|57	57|63	1.0
63|57	59|63	1.0
40|129.35	129|40.129.35	0.0833333333333
44|26	50|44	1.0
129|48	50|129.48	1.0
129|48	53|129.48	1.0
129|48	48|129	0.5
129|48	62|129	1.0
129|48	58|129	0.333333333333
129|48	38|	0.333333333333
129|48	51|129	0.5
129|48	47|129	0.5
129|48	43|129	0.333333333333
129|48	81|129	0.333333333333
129|48	35|129.48	1.0
129|48	55|129	0.333333333333
129|48	46|129	0.5
67|66	73|67	0.333333333333
67|66	65|67.66	1.0
67|66	57|67	0.1
67|66	66|67.66	0.0625
67|66	78|	0.5
67|66	65|67	0.1
67|66	69|67	0.3125
67|66	60|67	0.1
67|66	72|67.66	1.0
67|66	71|67	0.5
67|66	64|67	0.0625
67|66	68|67	1.0
67|66	63|67	1.0
67|66	74|67	0.25
67|66	76|67	0.125
67|66	72|67	1.0
67|66	129|67	1.0
67|66	62|67	0.5
79|75	77|79.75	1.0
58|52	54|58	1.0
58|52	52|58	1.0
45|40.39	44|45	1.0
65|63.62	70|65	0.5
65|63.62	73|	0.5
78|72	72|78	1.0
78|72	86|	1.0
129|35.129.48	35|129.35.129.48	1.0
36|43	24|	0.2
36|43	38|36	0.2
36|43	40|36	0.2
36|43	41|36	0.2
36|43	31|36	0.2
36|31	35|36	0.5
36|31	38|36.31	1.0
36|31	24|	0.5
32|30	34|	0.0769230769231
32|30	36|32	0.0384615384615
32|30	30|32.30	1.0
32|30	37|32.30	0.0714285714286
32|30	129|32	0.0769230769231
67|66.67.74	76|67	1.0
40|33.45	45|40	1.0
61|64.66	66|61	0.285714285714
61|64.66	59|61	0.714285714286
48|50.53	45|48	1.0
57|70	60|57	1.0
85|	81|85	0.5
85|	82|85	1.0
85|	86|	1.0
28|35	33|28.35	1.0
28|35	31|28	0.666666666667
63|60.58	55|63	1.0
129|72.129	76|129	1.0
62|54	57|62.54	0.5
62|54	59|62	0.5
62|86	60|62.86	1.0
53|129.53.129.50	129|53.129.53.129.50	1.0
76|66	68|76	0.2
76|66	74|76	0.8
61|129.61	63|61	0.25
61|129.61	65|61.129	0.75
35|30	31|	1.0
34|129	35|34	0.5
34|129	129|34	0.833333333333
34|129	32|34	0.166666666667
42|43	40|42	1.0
59|71	71|59	0.444444444444
59|71	66|59	0.555555555556
54|47	51|54	0.5
54|47	47|54	0.5
60|56.60	61|60	1.0
77|75	78|77	0.5
77|75	79|77	0.25
77|75	70|77	0.5
77|75	74|77	0.75
55|52.51	54|55	1.0
35|129.35.129.35	129|35.129.35.129.35	1.0
62|60	65|62	0.5
62|60	58|62	1.0
62|60	60|62	0.333333333333
62|60	63|62	1.0
62|60	58|62.60	1.0
62|60	63|62.60	0.5
62|60	72|62	0.166666666667
62|60	64|62	1.0
54|58	49|54.58	1.0
54|58	55|54	0.25
54|58	57|54	0.75
54|58	62|54	1.0
67|65	60|67	0.1
67|65	61|67	0.1
67|65	129|67.65	1.0
67|65	66|67	0.0769230769231
67|65	55|67	0.333333333333
67|65	70|67	0.666666666667
67|65	64|67	0.333333333333
67|65	65|67.65	0.4
67|65	36|67	0.166666666667
67|65	68|67	0.333333333333
67|65	62|67	1.0
67|65	69|67	1.0
59|57	57|59	0.375
59|57	55|59	0.1
59|57	60|59.57	0.714285714286
59|57	61|59	0.625
59|57	69|59	1.0
59|57	64|59	1.0
42|129.46.129.49	129|42.129.46.129.49	1.0
36|35.33.48	38|36.35.33.48	1.0
76|81	79|76	1.0
76|81	74|76.81	1.0
65|67.70	64|65	0.333333333333
65|67.70	60|65	0.333333333333
65|67.70	61|65	0.333333333333
129|53.129.46	53|129	1.0
129|45	44|129	0.5
129|45	45|129	0.5
129|45	50|129	0.5
129|45	43|129	1.0
129|45	52|129	1.0
57|56.57	45|57	0.111111111111
57|56.57	61|57	0.111111111111
57|56.57	49|57	0.222222222222
57|56.57	52|57.56	0.111111111111
57|56.57	62|57	0.111111111111
57|56.57	59|57.56	0.333333333333
129|41.129.43	34|129.41	0.5
129|41.129.43	41|129.41.129.43	1.0
69|67.76	64|69	1.0
71|69.66.69	76|71	1.0
74|129.72	129|74.129.72	1.0
74|69	77|74	0.5
74|69	76|74	0.166666666667
74|69	71|74	0.166666666667
74|69	68|74	0.166666666667
74|69	69|74	0.333333333333
74|69	67|74	1.0
74|69	129|74.69	1.0
74|69	72|74	0.166666666667
129|51	57|129	0.00552486187845
129|51	53|129.51	1.0
129|51	58|129	0.0714285714286
129|51	48|129	1.0
129|51	49|129.51	1.0
129|51	51|129	0.939226519337
129|51	49|129	0.0655737704918
129|51	53|129	1.0
129|51	46|129	0.00552486187845
72|74.71	71|72.74.71	1.0
72|74.71	69|72	0.5
61|59.57.129	57|61	1.0
71|72.69	69|71.72.69	0.333333333333
46|53	129|46	0.428571428571
46|53	53|46	0.142857142857
46|53	65|	0.5
46|53	51|46	0.142857142857
46|53	38|46	0.5
46|53	49|46	1.0
46|53	48|46	0.285714285714
73|76.74	69|73.76.74	1.0
70|72.129.70	129|70.72.129.70	1.0
45|44	49|45	0.0909090909091
45|44	44|45	0.0454545454545
45|44	33|45	0.0454545454545
45|44	39|45	0.0454545454545
45|44	47|45	0.333333333333
45|44	38|45	0.666666666667
45|44	42|45	0.136363636364
45|44	47|45.44	0.888888888889
45|44	40|45	0.0454545454545
45|44	50|45.44	0.0909090909091
45|44	37|45	0.0909090909091
66|67.129	129|66	1.0
52|57	57|52.57	1.0
52|57	56|52	1.0
52|57	45|52	1.0
52|57	55|52	1.0
52|57	49|52	0.5
52|57	62|52	1.0
67|59	59|67	1.0
67|59	65|67	0.666666666667
67|59	68|67	1.0
34|35	36|34	0.5
34|35	38|34	0.125
34|35	33|	1.0
34|35	22|	0.25
34|35	32|34	0.125
62|52	59|62	1.0
62|52	57|62.52	1.0
129|73	76|129	1.0
129|65	70|129	1.0
129|65	62|129.65	0.333333333333
129|65	53|129.65	1.0
129|65	58|129	0.636363636364
129|65	68|129	0.111111111111
129|65	63|129	0.0555555555556
129|65	74|129	0.133333333333
129|65	65|129	0.722222222222
129|65	65|129.65	1.0
129|65	67|129	0.466666666667
72|73	71|72	1.0
72|73	65|72	0.5
67|66.64	66|67.66	0.4
67|66.64	66|67	1.0
67|66.64	64|67	0.4
67|66.64	129|67.66.64	1.0
67|66.64	69|67	0.2
67|66.64	71|67	0.333333333333
63|62.68	64|63	1.0
73|69	129|73	0.5
73|69	76|	1.0
73|69	68|73	0.5
58|64	60|58	1.0
58|64	61|58	1.0
58|64	65|58	1.0
58|64	67|58	1.0
58|64	55|58	1.0
79|78.79	67|79	0.5
79|78.79	74|79	0.25
79|78.79	83|79	0.25
43|41.26	38|43	1.0
129|74.129.69	72|129	1.0
53|32	58|53	1.0
52|53.52	50|52	0.666666666667
52|53.52	58|52	1.0
52|53.52	54|52	0.333333333333
50|54	49|50	0.428571428571
50|54	56|	0.142857142857
50|54	46|50	0.142857142857
50|54	47|50	1.0
69|64.69.72	67|69	1.0
46|60	50|46	1.0
63|65.129	61|63.65.129	0.571428571429
129|34.129.41	43|129	0.25
129|34.129.41	34|129.34.129.41	1.0
59|	57|59	0.25
59|	63|59	0.109090909091
59|	58|59	0.75
59|	53|59	0.105263157895
59|	67|59	0.5
59|	56|59	0.105263157895
59|	50|59	0.111111111111
59|	52|59	0.0204081632653
59|	60|59	0.333333333333
59|	43|59	1.0
59|	69|59	1.0
59|	71|59	1.0
59|	51|	0.0204081632653
59|	64|59	0.25
59|	72|	0.2
59|	55|59	0.111111111111
59|	70|	0.333333333333
59|	61|59	0.448979591837
59|	65|59	0.5
59|	54|59	0.0833333333333
59|	48|59	1.0
59|	62|59	0.0727272727273
59|	36|59	1.0
59|	44|	0.333333333333
59|	129|59	0.333333333333
59|	66|59	0.272727272727
44|47	45|44.47	0.555555555556
44|47	49|44	0.111111111111
44|47	41|44	0.0555555555556
44|47	40|44	0.166666666667
44|47	38|44	0.111111111111
44|47	47|44	0.0555555555556
129|58	62|129	1.0
129|58	81|129	0.333333333333
129|58	65|129	0.666666666667
129|58	86|129	0.333333333333
129|58	67|129	0.166666666667
129|58	56|129	0.25
129|58	61|129	0.5
129|58	58|129	0.25
129|58	63|129	0.333333333333
129|58	51|129	1.0
129|58	49|129	0.6
129|58	46|129	0.166666666667
57|54.42	56|57	1.0
72|129	62|72	0.5
72|129	129|72.129	1.0
72|129	59|	1.0
69|71.72.69	71|69.71	0.333333333333
69|71.72.69	67|69.71.72.69	1.0
67|129	63|67	1.0
67|129	66|67.129	0.5
67|129	76|67	0.222222222222
67|129	69|67.129	0.5
67|129	71|67	0.111111111111
67|129	129|67	0.555555555556
67|129	65|67	0.5
67|129	69|67	0.5
37|34	35|37	0.333333333333
37|34	25|	0.333333333333
37|34	39|37	0.333333333333
74|70	75|74	0.333333333333
74|70	82|74	0.166666666667
74|70	77|74	0.75
74|70	70|74	0.25
74|70	72|74.70	1.0
74|70	73|74	1.0
74|70	72|74	0.333333333333
129|70.72.129.70	69|129.70.72.129.70	1.0
36|23	41|36	1.0
44|49	49|44	0.2
44|49	45|44.49	1.0
44|49	37|44	0.2
44|49	48|	0.2
75|	71|	0.5
75|	82|75	1.0
75|	76|75	0.888888888889
75|	80|75	1.0
75|	74|75	0.875
75|	65|75	0.5
75|	79|75	1.0
75|	72|75	0.333333333333
75|	69|75	0.333333333333
75|	129|75	1.0
75|	84|	0.1
75|	77|75	0.125
75|	60|	1.0
75|	62|75	1.0
75|	73|75	1.0
129|69.129.70	67|129.69.129.70	1.0
52|27	51|52	1.0
60|69	69|60	1.0
60|69	65|60	1.0
57|52.45.49	56|57	1.0
37|49	49|37	0.888888888889
37|49	33|37	0.111111111111
53|129.55	129|53.129.55	0.5
58|74	70|58	1.0
66|76	64|66	1.0
58|65	67|58	0.333333333333
58|65	77|58	1.0
58|65	61|58	1.0
58|65	62|58	1.0
58|65	63|58	1.0
58|65	65|58	0.666666666667
58|65	60|58.65	0.333333333333
58|65	70|58	0.222222222222
69|70.69.129	64|69	1.0
90|	88|	0.6
90|	74|90	1.0
90|	129|	0.3
90|	86|	0.1
55|61	53|55	1.0
55|61	51|55	1.0
55|61	57|55	1.0
55|61	64|55	1.0
55|61	52|55	1.0
79|129	77|79	1.0
66|64.62.57	62|66	1.0
78|76.78	76|78.76	0.666666666667
78|76.78	74|78	0.333333333333
68|129	69|68	1.0
68|129	66|68	1.0
33|	52|	0.0285714285714
33|	34|	0.0285714285714
33|	50|33	1.0
33|	67|	0.5
33|	45|33	1.0
33|	32|33	1.0
33|	35|33	1.0
33|	42|33	1.0
33|	31|33	0.0909090909091
33|	21|	0.0909090909091
33|	129|33	1.0
33|	40|33	0.428571428571
33|	38|33	0.0571428571429
33|	37|33	0.257142857143
33|	28|	0.409090909091
56|129.56	55|56	1.0
38|39.45	26|	0.333333333333
38|39.45	36|38	0.333333333333
38|39.45	41|38	0.333333333333
68|61	74|68	1.0
68|61	77|	1.0
74|76.81	76|74.76	1.0
66|59	59|66	1.0
66|59	71|66	1.0
47|48	45|47	1.0
52|50.59	55|52.50	1.0
52|50.59	57|52	1.0
50|42.47	47|50	1.0
49|47.49	45|49	0.5
49|47.49	50|49	0.5
56|64	63|56	1.0
71|63	64|71	1.0
71|63	61|	1.0
63|61.58	129|63	0.2
63|61.58	65|63.61.58	1.0
55|53.52.50	57|55	1.0
53|65	61|53	1.0
53|65	57|53	1.0
53|65	62|53	0.5
53|65	51|53	0.5
48|60	47|48	0.2
48|60	53|48.60	0.75
44|56	51|44	1.0
129|74.129.72	75|	1.0
59|69.61	62|59	1.0
62|66.69	66|62	1.0
70|69.129.67	129|70.69.129.67	1.0
45|41	46|45	0.0769230769231
45|41	48|45.41	0.0833333333333
45|41	29|45	1.0
45|41	48|45	0.666666666667
45|41	50|45	0.166666666667
65|60.65	48|65	1.0
71|62	62|71	1.0
38|23	40|38	1.0
35|45	37|35	1.0
35|45	34|35	1.0
129|61.65	60|129	0.285714285714
129|61.65	56|129.61	0.571428571429
129|61.65	63|129	0.142857142857
61|56.63.58	58|61	1.0
68|69.70	61|68	1.0
68|69.70	66|68	0.5
68|69.70	67|68	0.5
56|55.53	54|56	1.0
129|56	60|129	0.5
129|56	56|129	1.0
129|56	60|129.56	1.0
129|56	56|129.56	1.0
129|56	53|129	0.5
129|56	65|129	0.428571428571
61|64	62|61	0.5
61|64	58|61	0.333333333333
61|64	55|61	1.0
61|64	63|61	0.166666666667
61|64	59|61	0.736842105263
61|64	56|61	0.166666666667
61|64	64|61.64	1.0
61|64	57|61.64	1.0
61|64	129|61	1.0
61|64	66|61	0.105263157895
61|64	60|61	0.5
61|64	60|61.64	0.5
67|69.71	66|67	1.0
67|69.71	69|67.69.71	0.75
44|129.49	129|44.129.49	1.0
129|40.129.40	57|129	0.173913043478
129|40.129.40	59|129	0.0434782608696
129|40.129.40	40|129.40	0.54347826087
129|40.129.40	50|129	0.0217391304348
129|40.129.40	35|129	0.217391304348
53|129.65	129|53.129.65	0.666666666667
70|	58|70	0.0212765957447
70|	60|70	0.0212765957447
70|	71|70	0.2
70|	64|70	0.333333333333
70|	48|	0.0555555555556
70|	68|70	0.222222222222
70|	63|70	0.333333333333
70|	55|70	0.0243902439024
70|	67|70	0.333333333333
70|	72|70	0.396226415094
70|	76|	0.0212765957447
70|	51|	0.555555555556
70|	62|70	0.5
70|	129|70	0.0377358490566
70|	77|70	1.0
70|	66|70	0.0555555555556
70|	59|	0.0555555555556
70|	73|70	0.0555555555556
70|	74|70	0.11320754717
70|	57|70	1.0
70|	79|	1.0
70|	44|	0.444444444444
70|	65|70	0.11320754717
70|	75|70	0.2
70|	69|70	0.339622641509
48|65	41|48	1.0
57|52.57	52|57.52.57	1.0
55|57.50	53|55.57.50	1.0
58|60.65	70|58	0.5
58|60.65	65|58	0.5
42|36	41|42.36	1.0
64|67	67|64	0.875
64|67	66|64.67	1.0
64|67	71|64	0.5
64|67	62|64.67	1.0
64|67	61|64	0.333333333333
64|67	63|64	0.333333333333
64|67	62|64	0.142857142857
64|67	58|64	0.333333333333
64|67	69|64	1.0
64|67	65|64.67	0.333333333333
64|67	60|64	0.285714285714
65|77	63|65	0.5
65|77	75|65	1.0
65|77	74|65	0.5
56|53.51	55|56.53	0.333333333333
56|53.51	53|56.53	0.666666666667
67|66.67.72	74|67	1.0
69|70.69.70	68|69.70	1.0
79|67	78|79	1.0
36|35.33.36	38|36.35.33.36	1.0
68|64	129|68	0.25
68|64	69|68	0.75
68|64	66|68	1.0
36|59	38|36	1.0
69|74	76|69	1.0
69|74	66|69.74	0.5
69|74	68|69	0.625
69|74	79|	0.125
69|74	71|69.74	1.0
69|74	72|69	0.5
69|71.72.71.69	68|69.71	0.5
69|71.72.71.69	74|69	0.5
52|45.49	57|52.45.49	1.0
52|45.49	129|52	0.333333333333
52|45.49	45|52.45.49	0.5
52|45.49	54|52	0.333333333333
44|37	37|44	1.0
62|57.129.57	61|62.57.129.57	1.0
53|59	49|53	1.0
53|59	58|53	1.0
69|62.67	62|69	1.0
129|53.129.55	46|129.53	0.5
129|53.129.55	53|129.53.129.55	1.0
70|69.70	72|70.69.70	1.0
70|69.70	72|70	1.0
70|69.70	69|70.69.70	1.0
52|53.55	45|52	1.0
73|71	74|73.71	0.666666666667
73|71	71|73	0.333333333333
73|71	74|73	0.333333333333
73|71	75|73	0.4
73|71	69|73.71	1.0
88|89	86|88.89	1.0
56|129	60|56	1.0
56|129	49|56	0.333333333333
56|129	55|56	0.25
56|129	54|56	0.166666666667
56|129	58|56.129	1.0
56|129	129|56.129	0.666666666667
56|129	65|56	0.25
56|129	52|56	1.0
56|129	57|56.129	1.0
37|38	35|37	0.25
37|38	36|37	0.133333333333
37|38	51|37	0.25
37|38	43|37	0.25
37|38	38|37	0.6
37|38	40|37	0.266666666667
84|86.88.89	81|84	1.0
72|76	74|72.76	1.0
72|76	71|72.76	1.0
72|76	74|72	1.0
61|57.61	59|61	1.0
48|53.41.48	43|48	0.166666666667
48|53.41.48	41|48.53	0.833333333333
74|90	71|74	1.0
70|67	73|70	0.5
70|67	58|70	0.5
70|67	57|70	0.333333333333
70|67	74|70	0.333333333333
70|67	67|70	1.0
70|67	69|70.67	1.0
70|67	64|70	0.5
70|67	72|70	1.0
70|67	48|	0.333333333333
70|67	72|70.67	0.5
70|67	68|70	0.5
129|61.60	65|129	0.8
129|61.60	63|129	0.2
69|68.66	62|69	1.0
33|35.38	35|33.35.38	1.0
41|53.48.46	48|41	1.0
54|63	53|54	1.0
45|57	49|45	0.666666666667
45|57	46|45	0.333333333333
57|56.61	62|57	1.0
54|52.50	52|54	1.0
44|39	43|44.39	0.5
44|39	45|44	0.333333333333
55|52	41|	0.111111111111
55|52	58|55.52	1.0
55|52	60|55.52	1.0
55|52	51|55	0.333333333333
55|52	53|55.52	1.0
55|52	129|55	0.333333333333
55|52	54|55	0.111111111111
55|52	61|55	0.666666666667
55|52	52|55	1.0
45|42	44|45	0.2
45|42	47|45	0.8
58|60.62.58	64|58	0.5
58|60.62.58	60|58	0.5
64|59.56	56|64	0.666666666667
64|59.56	57|64	0.333333333333
129|70.129.70	74|129.70	1.0
54|49	47|54	0.0833333333333
54|49	57|54	0.5
54|49	59|54	0.166666666667
54|49	58|54	0.166666666667
54|49	49|54	0.0833333333333
56|60	60|56	0.5
56|60	62|56.60	1.0
56|60	59|56	0.2
56|60	60|56.60	1.0
56|60	53|56	0.0909090909091
56|60	65|56	0.5
56|60	55|56.60	0.5
56|60	52|56	0.166666666667
56|60	62|56	1.0
56|60	129|56	0.5
56|60	51|56	0.727272727273
46|57.61	45|46	1.0
67|79	69|67	1.0
37|44	42|37.44	0.5
37|44	44|37	0.75
51|129	129|51	0.5
51|129	53|51	1.0
71|73.74	69|71.73.74	1.0
53|52.55	52|53.52.55	1.0
53|52.55	50|53	1.0
63|60.62	60|63	1.0
32|37.36	39|32.37.36	0.833333333333
58|59.55	54|58	1.0
58|59.55	59|58	0.25
58|59.55	48|58	0.25
58|59.55	55|58	0.5
73|71.72	69|73	0.5
73|71.72	74|73	0.5
69|64.59	59|69	1.0
42|129.57	129|42.129.57	1.0
53|63	59|53	1.0
53|63	63|	1.0
66|62	64|66	0.25
66|62	129|66	0.0232558139535
66|62	59|66	0.25
66|62	67|66.62	0.883720930233
66|62	62|66	0.093023255814
66|62	65|66	1.0
66|62	57|66	0.25
66|62	72|66	0.25
129|76	76|129	0.5
129|76	72|129	1.0
129|76	67|129.76	1.0
55|57.55	48|55	0.5
55|57.55	53|55.57.55	1.0
44|45	45|44	1.0
44|45	42|44	0.1
44|45	129|44	0.1
44|45	45|44.45	0.142857142857
44|45	39|44	0.1
52|54	54|52.54	0.166666666667
52|54	51|52	0.333333333333
52|54	50|52	0.5
52|54	45|52.54	1.0
39|32.37.36	32|39.32.37.36	1.0
39|32.37.36	44|39	0.166666666667
44|41	56|44	1.0
48|46	43|48	1.0
48|46	45|48	0.307692307692
48|46	41|48	0.166666666667
48|46	36|48	0.153846153846
48|46	53|48.46	1.0
48|46	52|48	0.230769230769
48|46	46|48	1.0
48|46	53|48	0.230769230769
40|35	44|40	0.333333333333
40|35	35|40	0.333333333333
40|35	33|40	0.333333333333
40|35	42|40.35	0.5
40|35	28|	0.5
64|67.69	71|64	1.0
129|70.129.68	75|	1.0
62|54.59	59|62	1.0
53|41	65|53	1.0
53|41	48|53	1.0
62|65	70|62	0.166666666667
62|65	67|62	0.25
62|65	66|62	1.0
62|65	58|62	1.0
62|65	59|62	0.25
62|65	60|62	0.5
62|65	65|62	0.25
62|65	64|62	0.5
62|65	63|62.65	0.25
62|65	57|62	1.0
76|75.73	71|76	1.0
46|129.41	129|46.129.41	0.375
46|	52|	0.0909090909091
46|	65|	0.0909090909091
46|	43|46	0.185185185185
46|	39|46	0.5
46|	47|46	1.0
46|	36|46	0.0909090909091
46|	129|46	0.181818181818
46|	38|46	0.181818181818
46|	51|46	1.0
46|	44|46	0.185185185185
46|	55|46	1.0
46|	37|	0.125
46|	48|46	0.0909090909091
46|	41|46	0.4375
46|	59|46	1.0
46|	50|46	0.0909090909091
46|	45|46	0.185185185185
46|	49|46	0.0909090909091
46|	62|	0.25
46|	58|46	1.0
46|	53|46	1.0
46|	34|46	1.0
66|62.69	129|66	0.05
66|62.69	67|66.62.69	1.0
60|61.63.61.63	129|60	1.0
72|129.74.129.75	74|72	1.0
35|47.42	40|35	1.0
69|71.73.74	74|69	1.0
45|52.50	54|45	1.0
43|46	41|43	1.0
43|46	45|43	1.0
62|46.129	51|62	1.0
52|43	39|52	1.0
62|58	67|62	0.166666666667
62|58	58|62	0.5
62|58	60|62.58	1.0
62|58	60|62	0.25
62|58	46|62	0.25
62|58	65|62	1.0
62|58	72|62	0.0833333333333
58|	59|58	0.025
58|	77|58	1.0
58|	56|58	0.245283018868
58|	62|58	0.5
58|	52|58	0.0322580645161
58|	46|58	0.0625
58|	78|	0.5
58|	57|58	0.590909090909
58|	61|58	0.5
58|	74|58	1.0
58|	53|58	0.15
58|	48|58	0.075
58|	65|58	0.0377358490566
58|	70|58	0.142857142857
58|	54|58	0.181818181818
58|	60|58	0.0454545454545
58|	45|58	1.0
58|	129|58	0.22641509434
58|	64|58	0.025
58|	41|58	0.0454545454545
58|	55|58	0.0909090909091
58|	51|58	0.0454545454545
58|	49|58	0.2
58|	79|	0.5
58|	63|58	0.0833333333333
58|	72|58	1.0
58|	67|58	0.0645161290323
58|	37|58	1.0
69|73	73|69	0.2
69|73	68|69	0.2
69|73	74|69	0.5
69|73	64|69	0.6
69|73	64|69.73	1.0
69|73	76|69.73	1.0
68|70	63|68	0.5
68|70	61|68	0.5
68|70	72|68	1.0
68|70	69|68	0.25
68|70	70|68	0.125
68|70	67|68	0.909090909091
68|70	65|68.70	0.25
68|70	66|68	0.0909090909091
68|70	65|68	0.666666666667
67|66.62.69	62|67	1.0
56|59.62	61|56	0.285714285714
56|59.62	57|56.59.62	1.0
39|37	40|39	1.0
37|36	35|37	1.0
37|36	36|37	0.5
37|36	49|37	0.25
37|36	129|37	0.5
37|36	48|37	0.5
37|36	32|37.36	1.0
37|36	40|37	0.25
69|64.61	59|69	1.0
62|68	63|62.68	1.0
62|68	67|62	1.0
62|68	65|62	1.0
72|74.75	74|72	1.0
45|58	48|45	1.0
45|52	50|45.52	1.0
48|62	57|48.62	1.0
46|53.46	48|46	1.0
74|	76|74	0.29203539823
74|	75|74	0.25
74|	58|74	1.0
74|	82|74	1.0
74|	71|74	0.0442477876106
74|	67|74	0.0530973451327
74|	129|74	1.0
74|	73|74	0.070796460177
74|	83|74	1.0
74|	68|74	0.0176991150442
74|	62|74	0.0625
74|	77|74	0.0530973451327
74|	86|	0.0285714285714
74|	81|74	0.0176991150442
74|	69|74	0.070796460177
74|	70|74	1.0
74|	65|74	0.0176991150442
74|	79|74	0.5
74|	72|74	0.6875
71|69.71	66|71	0.625
71|69.71	76|71	0.125
71|69.71	69|71.69	0.25
45|29	46|45.29	1.0
32|39.32.37.36	36|32	1.0
71|72.78	72|71.72.78	1.0
52|50.49	57|52	1.0
69|71.74	76|69	1.0
70|69.129	66|70	1.0
70|69.129	69|70.69.129	1.0
58|55.50	62|58	1.0
70|65.62	62|70	0.5
70|65.62	74|70	0.5
62|55	57|62.55	0.7
55|43	43|55	0.5
55|43	54|55	1.0
55|43	48|55	0.5
57|62.55	55|57	0.7
57|62.55	54|57	0.3
72|69.67	71|72.69.67	1.0
72|69.67	69|72	0.25
32|	34|	0.0133333333333
32|	36|32	1.0
32|	53|32	1.0
32|	39|	0.2
32|	28|	1.0
32|	31|32	1.0
32|	30|	0.326666666667
32|	37|	0.4
32|	129|32	0.02
69|67.64	68|69	0.333333333333
69|67.64	71|69	0.666666666667
69|68	74|69	0.214285714286
69|68	66|69.68	0.0714285714286
69|68	59|69	0.5
69|68	62|69	0.0714285714286
69|68	68|69	0.0714285714286
69|68	70|69.68	1.0
69|68	129|69	1.0
69|68	76|69	0.285714285714
69|68	64|69	0.333333333333
69|68	72|69	0.142857142857
69|68	71|69	0.142857142857
41|129.41.129.34.129.29	129|41.129.41.129.34.129.29	1.0
45|50	49|45	1.0
45|50	47|45	1.0
45|50	40|45.50	1.0
45|50	42|45	0.333333333333
45|50	43|45	0.5
84|82	88|	1.0
57|53	55|57	0.25
57|53	60|57	1.0
57|53	43|57	0.125
57|53	62|57	0.125
57|53	53|57	1.0
70|69.72	65|70	1.0
50|44	43|50	1.0
48|129	47|48	1.0
48|129	53|48.129	1.0
48|129	129|48	1.0
48|129	51|48	1.0
48|129	61|48	1.0
48|129	52|48	1.0
52|57.56	45|52	0.5
52|57.56	49|52	0.5
64|59.57.64	59|64	1.0
53|129.53.129.55	129|53.129.53.129.55	1.0
70|51	73|70	1.0
58|55	59|58	0.1
58|55	48|58	0.125
58|55	62|58	0.1
58|55	56|58.55	1.0
58|55	57|58	0.333333333333
58|55	61|58	0.5
58|55	54|58	0.1
58|55	45|58	0.125
58|55	129|58	0.0833333333333
58|55	64|58	0.125
58|55	55|58	0.333333333333
58|55	63|58	0.4
58|55	60|58.55	0.333333333333
53|48	57|53	0.157894736842
53|48	60|53	0.5
53|48	41|53.48	0.666666666667
53|48	129|53	0.5
53|48	48|53	1.0
53|48	52|53	1.0
53|48	61|53	0.5
53|48	58|53	0.0526315789474
53|48	68|53	0.5
53|48	41|53	1.0
53|48	55|53.48	0.333333333333
53|48	46|53	0.142857142857
53|48	46|53.48	0.333333333333
76|77	75|76	0.75
76|77	81|	0.125
76|77	79|76	0.4
76|77	72|76	0.0625
76|77	77|76	0.125
76|77	74|76.77	0.6875
57|53.52	55|57	1.0
69|70.69	70|69.70.69	1.0
69|70.69	70|69.70	1.0
73|74	71|73.74	1.0
72|63.72	60|72	0.5
72|63.72	74|72	0.5
65|67.65	62|65	1.0
129|74.129.70	70|129	1.0
52|50.52	53|52.50	1.0
52|50.52	57|52	1.0
129|69.129.69	66|129.69	1.0
65|63	63|65.63	0.56
65|63	70|65	0.0909090909091
65|63	61|65.63	0.333333333333
65|63	58|65	0.666666666667
65|63	60|65.63	1.0
65|63	129|65	0.0833333333333
65|63	67|65.63	1.0
65|63	63|65	0.2
65|63	72|65	0.0833333333333
65|63	68|65.63	0.666666666667
65|63	62|65	0.125
65|63	53|65	0.0833333333333
65|63	69|65	0.333333333333
65|63	66|65	0.08
65|63	61|65	1.0
65|63	68|65	0.2
65|63	73|	0.0909090909091
59|57.64	61|59.57.64	1.0
59|57.64	64|59.57.64	1.0
69|65	74|69	0.166666666667
69|65	62|69	0.333333333333
69|65	72|69	1.0
69|65	65|69	0.333333333333
69|65	55|69	0.166666666667
69|65	67|69	1.0
69|65	70|69	1.0
39|45	38|39.45	0.333333333333
39|45	42|39	1.0
37|42	30|	0.5
37|42	41|37	0.3
37|42	38|37	0.2
74|76.75	71|74	1.0
50|53	51|50	0.333333333333
50|53	53|50	0.5
50|53	52|50.53	1.0
50|53	52|50	0.333333333333
50|53	46|50	0.666666666667
50|53	129|50	0.5
50|53	48|50.53	1.0
61|60.64	57|61	1.0
50|52.53.52.55	57|50	1.0
49|37	53|49	0.333333333333
49|37	37|49	0.555555555556
49|37	44|49	0.111111111111
65|64.62	64|65	1.0
65|64.62	67|65.64	1.0
51|55	52|51	0.25
51|55	53|51	0.25
51|55	50|51	0.25
51|55	48|51	0.25
51|55	47|	1.0
51|55	56|51	0.5
51|55	60|51	0.25
51|55	57|51	0.25
51|55	54|51	0.25
51|55	55|51	0.25
66|129.64	64|66	0.2
66|129.64	67|66	0.8
53|48.60	41|53	0.75
53|48.60	52|53	0.25
44|129.53	129|44.129.53	1.0
70|61	74|70	1.0
34|26	22|	1.0
31|28	35|31	1.0
76|74.76	78|76.74.76	1.0
76|74.76	74|76.74	0.25
76|74.76	79|76	0.375
76|74.76	66|76	0.125
63|56	61|63	1.0
63|56	58|63	1.0
63|56	67|63	0.333333333333
63|56	57|63	0.333333333333
63|56	56|63	0.333333333333
55|51	129|55	0.2
55|51	53|55	0.5
55|51	51|55	0.25
55|51	56|55	0.4
55|51	57|55	0.25
55|51	58|55	0.5
55|51	59|55	0.5
61|65.63	129|61.65	0.333333333333
61|65.63	58|61.65	0.666666666667
129|67.66.64	62|129	1.0
78|76.83	81|78	1.0
38|31	40|38	1.0
41|48.36	40|41	1.0
61|60.63	60|61.60	1.0
45|26	50|45	1.0
47|54	54|47	0.666666666667
47|54	52|47	1.0
55|38	53|55	1.0
52|45	49|52.45	0.5
52|45	50|52	1.0
52|45	129|52	0.210526315789
52|45	45|52	0.5
52|45	54|52	0.210526315789
52|45	57|52.45	0.5
61|60.61.63	65|61.60	0.25
61|60.61.63	56|61.60	0.5
61|60.61.63	129|61.60	0.25
129|74.73	69|129	1.0
72|71.69	69|72	0.117647058824
72|71.69	64|72	0.117647058824
72|71.69	67|72	0.117647058824
72|71.69	71|72.71.69	0.666666666667
72|71.69	74|72	0.470588235294
79|72	74|79	1.0
53|41.48	48|53.41.48	0.166666666667
83|84	81|83	1.0
36|	24|	0.214285714286
36|	50|36	1.0
36|	26|	0.0277777777778
36|	41|36	1.0
36|	48|36	1.0
36|	33|36	0.8
36|	37|36	0.8
36|	38|36	0.444444444444
36|	40|36	0.5
36|	39|36	0.666666666667
36|	43|36	0.0277777777778
36|	129|36	1.0
36|	34|36	0.833333333333
36|	46|36	1.0
36|	49|	0.0909090909091
36|	31|36	0.0833333333333
36|	42|36	1.0
36|	35|36	0.222222222222
36|	45|36	1.0
40|22	28|	1.0
37|43	36|37.43	0.5
37|43	40|37	1.0
58|62.75	55|58	1.0
39|52	53|39	0.5
39|52	27|	0.5
81|72	74|81	0.333333333333
81|72	72|81	0.666666666667
48|55	49|48	0.25
48|55	56|48	0.5
48|55	57|48	1.0
48|55	58|	0.5
48|55	52|48	1.0
48|55	60|48	0.5
48|55	53|48.55	1.0
66|64.69	64|66	0.2
66|64.69	67|66.64	0.4
66|64.69	62|66	0.4
58|70	67|58	0.142857142857
58|70	60|58	0.142857142857
58|70	62|58.70	0.5
58|70	70|58	0.285714285714
58|70	72|58	0.142857142857
60|72	65|60	0.25
60|72	62|60	0.25
60|72	58|60.72	0.5
59|64.71	64|59.64	1.0
52|58	48|52	1.0
52|58	49|52	1.0
61|54	56|61.54	0.166666666667
70|65.58	72|70	0.5
70|65.58	65|70	0.5
41|53.52	53|41	1.0
71|66	64|71	0.5
71|66	67|71	0.333333333333
71|66	68|71	0.5
71|66	64|71.66	1.0
71|66	69|71.66	1.0
71|66	59|71	0.9
65|64.57	56|65	1.0
35|129	34|35	1.0
48|50.45	53|48.50	1.0
129|44.129.44.129.44.129.53	53|129	1.0
45|48.53.129	46|45	1.0
45|43	44|45	0.111111111111
45|43	46|45	0.111111111111
45|43	39|45	0.333333333333
45|43	47|45	0.909090909091
45|43	35|45	0.444444444444
45|43	52|45	0.25
45|43	41|45	0.5
45|43	42|45	0.0909090909091
45|43	50|45	1.0
43|55	48|43	1.0
59|57.61.52	61|59.57.61.52	1.0
55|47	56|55	1.0
76|75	75|76	0.375
76|75	74|76.75	1.0
76|75	71|76	0.25
76|75	78|76.75	1.0
76|75	77|76	1.0
48|53	65|	0.5
48|53	49|48	1.0
48|53	43|48	0.161290322581
48|53	45|48	0.645161290323
48|53	54|48	0.5
48|53	41|48.53	0.166666666667
48|53	41|48	0.4
48|53	60|48	1.0
48|53	53|48	1.0
49|	53|49	0.0606060606061
49|	50|49	0.285714285714
49|	44|49	0.4
49|	41|49	0.0151515151515
49|	51|49	0.333333333333
49|	68|49	0.25
49|	61|49	1.0
49|	38|	0.285714285714
49|	40|49	1.0
49|	59|	0.0151515151515
49|	63|49	1.0
49|	58|49	1.0
49|	56|49	0.0909090909091
49|	45|49	0.19696969697
49|	37|49	0.111111111111
49|	47|49	0.142857142857
49|	52|49	0.0909090909091
49|	46|49	1.0
49|	48|49	0.571428571429
49|	36|49	0.5
49|	129|49	1.0
49|	42|49	0.166666666667
49|	57|49	1.0
49|	54|49	0.0833333333333
49|	55|49	0.0833333333333
63|60	53|63	0.166666666667
63|60	66|63	0.0833333333333
63|60	62|63	0.666666666667
63|60	69|63	1.0
63|60	70|63	0.1
63|60	65|63	0.25
63|60	74|63	0.333333333333
63|60	61|63	0.333333333333
63|60	58|63	0.333333333333
63|60	64|63	0.142857142857
63|60	55|63	0.0833333333333
63|60	60|63	0.1
63|60	62|63.60	0.0833333333333
63|60	60|63.60	0.25
63|60	67|63	0.2
63|60	56|63	0.3
55|58	60|55	0.25
55|58	58|55	0.5
55|58	53|55	0.333333333333
55|58	57|55.58	1.0
55|58	46|55	0.5
55|58	61|55	0.333333333333
55|58	41|	0.333333333333
55|58	56|55	0.333333333333
55|58	58|55.58	0.5
55|58	129|55	1.0
55|58	51|55	0.5
55|58	44|55	0.333333333333
55|58	63|55	0.166666666667
55|58	59|55	1.0
58|57	54|58	0.666666666667
58|57	60|58	1.0
58|57	56|58	0.333333333333
58|57	62|58	0.125
58|57	57|58.57	0.333333333333
58|57	55|58	0.333333333333
58|57	60|58.57	1.0
58|57	129|58	0.125
58|57	46|58	0.25
58|57	61|58	0.333333333333
58|57	51|58	0.666666666667
38|37.45	129|38	1.0
64|57.69	69|64.57.69	0.166666666667
64|52	52|	1.0
64|52	62|64	1.0
49|58	46|49	0.5
49|58	54|49	1.0
49|58	56|49	0.5
72|129.70	70|72.129.70	1.0
72|129.70	129|72.129	0.25
67|60.67	62|67	1.0
77|81	79|77	1.0
77|81	81|	0.5
79|78.76.75	81|79	1.0
35|33.35.38	40|35	1.0
129|67	65|129	0.625
129|67	62|129	0.1
129|67	71|129	0.06
129|67	68|129	0.2
129|67	63|129	0.0333333333333
129|67	69|129	1.0
129|67	69|129.67	0.375
129|67	64|129	0.8
129|67	58|129	1.0
129|67	75|	0.08
129|67	66|129	0.3
129|67	67|129.67	0.733333333333
129|67	70|129	0.0333333333333
75|69	62|75	1.0
47|53	55|47	1.0
53|39	54|53	1.0
69|73.71	73|69	1.0
46|44	48|46	1.0
129|53.129.50	53|129.53.129.50	1.0
43|28	52|43	1.0
53|52.50	52|53	0.666666666667
53|52.50	55|53.52.50	1.0
129|53.129.65	65|129	0.666666666667
129|53.129.65	58|129.53	0.333333333333
74|129	75|74	1.0
74|129	76|74	0.5
74|129	67|74	0.5
74|129	73|74	1.0
74|129	79|74	1.0
51|57	54|51	1.0
51|57	48|51	1.0
47|	53|47	1.0
47|	46|47	0.5
47|	31|47	1.0
47|	50|47	0.0208333333333
47|	54|47	0.0416666666667
47|	45|47	0.0208333333333
47|	58|47	1.0
47|	35|	0.176470588235
47|	49|47	0.125
47|	40|47	0.0208333333333
47|	36|47	0.5
47|	39|	0.0208333333333
47|	55|47	1.0
47|	44|47	0.111111111111
47|	59|47	1.0
47|	48|47	0.5
47|	43|47	1.0
47|	52|47	0.0416666666667
47|	129|47	1.0
47|	56|47	1.0
47|	42|47	0.117647058824
60|59	56|60	1.0
60|59	58|60	1.0
60|59	59|60	0.25
60|59	63|60.59	1.0
60|59	47|	0.142857142857
60|59	72|60	0.142857142857
60|59	64|60	0.285714285714
60|59	63|60	0.4
60|59	55|60.59	1.0
60|59	62|60	0.6
37|35	38|37	1.0
72|70	41|	0.333333333333
72|70	69|72	0.333333333333
72|70	70|72.70	0.333333333333
72|70	129|72.70	1.0
72|70	65|72	0.142857142857
72|70	129|72	0.333333333333
72|70	70|72	0.666666666667
72|70	58|72	0.333333333333
72|70	74|72.70	0.857142857143
72|70	74|72	0.333333333333
34|22	22|34.22	1.0
34|22	36|34	0.333333333333
34|22	42|34.22	1.0
30|32.30	32|30	1.0
69|68.69.68.73	64|69	1.0
71|73	73|71	0.166666666667
71|73	69|71	1.0
71|73	76|71	1.0
72|70.66	71|72	1.0
42|49	37|42	0.833333333333
42|49	38|42	0.166666666667
42|34.22	49|42	1.0
68|65.63	65|68.65.63	1.0
50|49.45	52|50.49	0.25
50|49.45	38|50	0.25
50|49.45	40|50	0.25
50|49.45	47|50	0.25
52|55.59	58|52	1.0
63|61.60	61|63.61.60	1.0
76|74.72.76	69|76	1.0
49|61	45|49	1.0
66|67.71	67|66.67.71	1.0
62|65.62	59|62	1.0
72|67.66	67|72	1.0
55|67	58|55	1.0
55|67	60|55.67	1.0
56|53.60	60|56	1.0
73|129	129|73	1.0
66|129	85|	1.0
66|129	65|66	1.0
75|70	82|75	1.0
73|	70|73	0.5
73|	69|73	0.5
73|	74|73	0.785714285714
73|	68|73	1.0
73|	72|73	0.8125
73|	64|73	1.0
73|	129|73	0.666666666667
73|	60|	1.0
73|	56|73	1.0
73|	76|	0.166666666667
73|	75|73	1.0
73|	71|73	0.0714285714286
129|53	41|	0.157894736842
129|53	46|129.53	1.0
129|53	56|129	0.5
129|53	38|	0.0526315789474
129|53	53|129.53	1.0
129|53	44|129.53	1.0
129|53	53|129	0.368421052632
129|53	51|129	0.263157894737
129|53	65|129	0.105263157895
129|53	55|129	0.0526315789474
129|53	58|129.53	1.0
59|57.129	61|59.57.129	1.0
67|69	58|67	0.125
67|69	60|67	0.166666666667
67|69	79|67	0.0833333333333
67|69	69|67.69	1.0
67|69	72|67.69	0.666666666667
67|69	66|67	0.75
67|69	65|67	0.0833333333333
67|69	70|67	0.333333333333
67|69	66|67.69	0.0833333333333
67|69	64|67.69	0.0416666666667
67|69	71|67	0.375
67|69	62|67	0.25
50|64	53|50	1.0
64|66	63|64	0.0769230769231
64|66	62|64.66	0.166666666667
64|66	66|64.66	0.461538461538
64|66	61|64.66	0.714285714286
64|66	62|64	0.181818181818
64|66	61|64	0.666666666667
64|66	66|64	0.333333333333
73|72.71	74|73	1.0
35|33.31.36	28|35	1.0
55|	36|55	0.4
55|	64|55	0.037037037037
55|	54|55	0.233333333333
55|	49|55	0.5
55|	50|55	0.1
55|	60|55	0.5
55|	58|55	0.1
55|	53|55	0.166666666667
55|	57|55	0.0333333333333
55|	46|55	1.0
55|	61|55	0.0666666666667
55|	52|55	0.111111111111
55|	41|	0.1
55|	72|	0.0666666666667
55|	43|55	0.0714285714286
55|	70|	0.0147058823529
55|	66|55	0.0333333333333
55|	56|55	0.1
55|	47|55	1.0
55|	62|55	0.0277777777778
55|	129|55	0.2
55|	40|55	1.0
55|	67|55	1.0
55|	51|55	0.133333333333
55|	44|55	1.0
55|	63|55	0.5
55|	42|	0.0588235294118
55|	48|55	0.0333333333333
55|	59|55	0.444444444444
52|55.53	54|52	1.0
31|	46|31	1.0
31|	33|31	1.0
31|	50|31	1.0
31|	38|31	1.0
31|	36|31	0.0952380952381
31|	129|31	1.0
31|	44|	0.0666666666667
31|	35|31	1.0
31|	37|	0.0666666666667
31|	47|31	1.0
31|	43|31	0.190476190476
31|	40|	0.0666666666667
31|	32|31	0.047619047619
59|65	58|59	1.0
59|65	72|	1.0
50|129.50	129|50.129.50	1.0
79|78.76.74.76	81|79	1.0
52|61	57|52.61	1.0
52|61	61|52	1.0
74|76	77|74	0.111111111111
74|76	76|74.76	0.25
74|76	129|74	1.0
74|76	129|74.76	1.0
74|76	71|74	0.0277777777778
74|76	73|74	0.0555555555556
74|76	72|74	0.583333333333
45|43.40	42|45	1.0
69|129.70	129|69.129.70	1.0
55|77	60|55	1.0
53|129.46	129|53.129.46	1.0
33|31.26	35|33.31.26	1.0
39|40	38|39.40	1.0
39|40	42|39.40	1.0
39|40	43|39	0.142857142857
39|40	41|39.40	1.0
39|40	37|	0.142857142857
39|40	34|39	0.142857142857
59|60.55	64|59	0.5
59|60.55	60|59.60	0.5
59|60.55	57|59	1.0
43|129.38.42	47|43	1.0
55|53.55.52	58|55	1.0
64|65.69	67|64	1.0
68|69	66|68	1.0
68|69	67|68	1.0
129|37	40|129	0.5
129|37	38|	0.5
129|37	37|129	1.0
65|68.72	71|65	1.0
57|59.57.59.57.59	129|57	1.0
67|65.64	69|67	1.0
45|36	44|45.36	1.0
36|35.33.28.35	26|	1.0
129|55.50	50|129.55	1.0
73|76	71|73.76	1.0
73|76	69|73	1.0
48|40	43|48	1.0
45|44.47	49|45	0.222222222222
45|44.47	47|45.44	0.555555555556
45|44.47	42|45	0.222222222222
39|38.22	34|39	1.0
60|61	59|60.61	0.666666666667
60|61	55|60	0.0909090909091
60|61	72|60	0.0909090909091
60|61	53|60	0.0909090909091
60|61	58|60	0.266666666667
60|61	63|60	0.333333333333
60|61	61|60	0.4
60|61	56|60	0.133333333333
60|61	68|60	0.333333333333
60|61	63|60.61	0.333333333333
60|61	129|60	0.2
60|61	65|60	0.0909090909091
60|61	62|60	0.2
129|53.129.53.129.50	46|129.53.129.53.129.50	1.0
67|69.66	64|67.69	1.0
129|35.129.35	57|129	0.2
129|35.129.35	40|129.35	0.36
129|35.129.35	48|129	0.04
129|35.129.35	50|129	0.2
129|35.129.35	35|129.35.129.35	1.0
129|35.129.35	47|129	0.04
62|57.58	65|62	1.0
64|66.68	63|64	1.0
63|60.59	70|63	1.0
35|57	38|35	1.0
62|64	66|62	0.111111111111
62|64	129|62	1.0
62|64	69|62	0.2
62|64	64|62.64	0.444444444444
62|64	59|62	0.2
62|64	61|62	1.0
62|64	60|62	1.0
62|64	64|62	0.2
62|64	61|62.64	0.666666666667
55|69	58|55	1.0
72|82	60|72	1.0
65|61.129	66|65	0.8
65|61.129	63|65	0.2
71|72.74.71	72|71.72.74.71	1.0
74|72.74	77|74	0.25
74|72.74	76|74	0.625
74|72.74	81|74	0.125
63|61.63	62|63	1.0
63|61.63	61|63.61.63	0.5
63|61.63	129|63	0.16
63|61.63	65|63	0.52
36|47	24|	0.5
36|47	34|36	0.5
48|57	45|48	1.0
48|57	57|48	1.0
48|57	50|48	1.0
74|76.78.76	73|74	0.5
74|76.78.76	76|74.76	0.5
43|42.38	39|43	1.0
63|65.60	60|63	1.0
63|65.60	58|63	1.0
62|64.129	64|62	0.285714285714
62|64.129	61|62.64.129	0.333333333333
62|64.129	129|62	0.285714285714
129|53.129.51	51|129	1.0
66|71	64|66	1.0
66|71	70|66	1.0
129|62.63	60|129	0.5
129|62.63	62|129.62	0.5
59|69.62	62|59	1.0
83|74	74|83	1.0
74|72.76	76|74.72.76	1.0
71|76	129|71	0.0909090909091
71|76	74|71	0.909090909091
71|76	69|71.76	1.0
71|76	72|71	0.6
69|71.64	129|69	1.0
53|129.51	129|53.129.51	1.0
69|64	62|69	0.5
69|64	71|69	0.4
69|64	129|69	0.333333333333
69|64	45|	0.0454545454545
69|64	73|69	1.0
69|64	65|69	0.2
69|64	72|69	0.454545454545
69|64	66|69	0.4
69|64	67|69	0.0454545454545
34|129.29	129|34.129.29	0.375
70|65	63|70	1.0
70|65	74|70	0.5
70|65	67|70	0.2
70|65	59|	0.2
70|65	72|70	0.5
70|65	69|70.65	1.0
70|65	69|70	0.6
70|72.67	72|70.72	0.5
70|72.67	75|70	0.5
70|72.67	69|70	1.0
50|40	47|50	1.0
50|40	45|50.40	1.0
68|74	67|68	0.5
68|74	66|68	1.0
68|74	72|68	0.5
65|61.60	61|65	1.0
65|61.60	129|65	1.0
57|66	66|57	1.0
57|66	54|57	1.0
129|40.57	35|129	1.0
69|75	75|69	1.0
60|65.60.58	63|60.65.60.58	1.0
60|65.60.58	65|60.65	0.333333333333
43|42	66|	0.4
43|42	129|43	0.4
43|42	47|43	0.5
43|42	44|43	0.5
43|42	45|43	0.2
52|59	47|52	1.0
52|59	61|52	1.0
43|24	48|43	1.0
37|32.34	30|37.32.34	1.0
63|84	70|63	1.0
88|	129|88	1.0
88|	86|	0.909090909091
88|	81|88	1.0
88|	78|	0.666666666667
88|	83|	0.166666666667
88|	89|	0.0909090909091
88|	90|	0.166666666667
72|71	67|72	0.047619047619
72|71	71|72.71	0.119047619048
72|71	69|72	0.0714285714286
72|71	73|72	1.0
72|71	73|72.71	1.0
72|71	78|72	0.0714285714286
72|71	74|72	0.5
72|71	55|72	0.25
72|71	59|	0.25
72|71	79|72	0.047619047619
72|71	64|72	0.047619047619
72|71	81|72	0.0714285714286
72|71	71|72	0.5
72|71	76|72	0.0238095238095
39|44	44|39	1.0
57|129	55|57	1.0
57|129	58|57	1.0
57|129	59|57.129	0.25
57|129	61|57	1.0
57|129	63|57	1.0
57|129	129|57	0.75
34|38	37|34	0.25
34|38	42|	0.25
34|38	48|34	0.25
34|38	35|34	0.25
67|71	74|67	0.142857142857
67|71	60|67	0.142857142857
67|71	129|67.71	1.0
67|71	71|67.71	1.0
67|71	66|67	0.428571428571
67|71	74|67.71	1.0
67|71	66|67.71	1.0
67|71	62|67	0.142857142857
25|	43|25	1.0
25|	40|25	1.0
25|	37|	0.2
71|67	74|71	1.0
71|67	69|71.67	1.0
32|37.30	30|	0.787878787879
32|37.30	37|	0.212121212121
55|58.60	58|55.58	1.0
66|64.66	69|66	0.333333333333
66|64.66	68|66	0.181818181818
66|64.66	71|66	0.333333333333
66|64.66	76|66	0.166666666667
66|64.66	74|66	0.166666666667
66|64.66	64|66.64.66	0.555555555556
39|38.36	40|39	0.2
39|38.36	42|39	0.8
63|64.63	64|63	1.0
32|43	129|32	1.0
129|46.129.53.129.53.129.50	55|129	1.0
54|53.58	49|54	1.0
74|72.81	69|74	1.0
60|55.57	58|60	1.0
55|63	61|55	1.0
55|63	58|55	1.0
56|52	60|56	0.2
56|52	57|56	0.2
56|52	59|56	0.2
56|52	58|56	1.0
56|52	55|56	0.5
56|52	54|56	0.2
56|52	52|56	0.2
56|52	50|56	1.0
65|68.65.61	60|65	1.0
58|54	54|58	1.0
55|49	52|55	1.0
72|73.67	67|72	1.0
51|60	60|51	1.0
38|39.41	39|38.39	0.5
38|39.41	35|38	0.5
60|63.58	63|60	1.0
62|57	67|62	0.5
62|57	66|62	1.0
62|57	69|62	0.25
62|57	59|62	0.5
62|57	61|62	0.6
62|57	64|62	1.0
62|57	64|62.57	1.0
62|57	66|62.57	1.0
62|57	129|62.57	1.0
62|57	55|62	0.833333333333
62|57	65|62	0.0909090909091
62|57	72|62	0.0909090909091
62|57	57|62	0.166666666667
32|33	30|	0.0833333333333
32|33	129|32	1.0
32|33	37|32.33	1.0
65|64.65	60|65	1.0
65|64.65	63|65	1.0
129|30	37|129	1.0
47|35	39|	1.0
47|35	45|47	1.0
129|62	57|129	0.666666666667
129|62	63|129	0.205882352941
129|62	61|129	0.6
129|62	74|129	1.0
129|62	69|129	0.25
129|62	62|129.62	0.75
129|62	64|129	0.6
129|62	65|129	0.0294117647059
129|62	66|129	0.4
129|62	70|129	0.0147058823529
36|37	24|	0.333333333333
36|37	39|36	0.2
36|37	38|36	0.0666666666667
36|37	35|36	0.133333333333
36|37	34|36	0.2
36|37	48|36	0.0666666666667
59|68	67|59	1.0
59|66	65|59	1.0
59|66	56|59	1.0
70|129	65|70	0.333333333333
70|129	69|70.129	1.0
70|129	129|70.129	0.428571428571
70|129	72|70	0.3
70|129	129|70	0.666666666667
38|51	36|38	1.0
43|45	48|43	0.285714285714
43|45	38|43.45	1.0
43|45	42|43	0.714285714286
129|46	41|	0.0833333333333
129|46	44|129	0.75
129|46	58|129	0.0232558139535
129|46	39|	0.333333333333
129|46	53|129.46	0.166666666667
129|46	55|129	0.0348837209302
129|46	51|129	0.0322580645161
129|46	50|129	0.0697674418605
129|46	34|129	1.0
129|46	46|129	0.662790697674
129|46	42|129.46	0.967741935484
53|54	57|53	1.0
53|54	27|	1.0
53|54	50|53	0.333333333333
53|54	51|53	0.333333333333
53|54	52|53	0.333333333333
53|54	54|53	1.0
52|53.52.55	50|52.53.52.55	1.0
53|56.53	49|53	0.5
53|56.53	48|53	0.25
53|56.53	52|53.56	0.25
49|46	51|49	1.0
49|46	52|49	1.0
38|39.36	34|38	0.5
38|39.36	45|38	0.5
57|50	58|57	0.5
57|50	56|57	0.5
57|50	55|57.50	1.0
57|50	50|57	0.5
57|50	129|57	0.666666666667
57|50	52|57	0.333333333333
61|59.57.61.64	59|61	1.0
75|77.79	72|75	1.0
62|64.67	60|62	1.0
70|72.69	67|70	1.0
44|	45|44	0.415094339623
44|	50|44	1.0
44|	37|44	0.75
44|	41|44	0.0754716981132
44|	48|	0.0377358490566
44|	30|44	1.0
44|	46|44	1.0
44|	49|44	1.0
44|	42|44	0.0377358490566
44|	35|44	1.0
44|	47|44	0.5
44|	39|44	0.0188679245283
44|	56|44	0.166666666667
44|	43|44	1.0
44|	129|44	1.0
44|	38|44	0.0377358490566
44|	51|44	1.0
44|	32|	0.4
44|	68|44	0.666666666667
44|	40|44	0.25
24|36.34	38|24	1.0
61|65	58|61	0.166666666667
61|65	55|61	0.25
61|65	63|61	1.0
61|65	63|61.65	1.0
61|65	58|61.65	1.0
61|65	64|61	1.0
61|65	65|61	0.833333333333
61|65	129|61.65	0.285714285714
61|65	67|61	1.0
61|65	60|61	0.5
56|68	60|56	1.0
37|38.37	36|37	0.111111111111
37|38.37	40|37	0.222222222222
37|38.37	38|37.38.37	1.0
74|68	69|74	0.5
74|68	67|74	1.0
74|68	72|74	0.5
43|52	45|43	1.0
59|47	51|	1.0
61|59.57.64	57|61	1.0
61|62.57.55	57|61	1.0
69|129.70.129	70|69.129.70.129	1.0
52|57.52.45	45|52.57.52	1.0
60|58.57	63|60.58	1.0
68|73	69|68.73	1.0
61|58	58|61	0.2
61|58	63|61	0.4
61|58	63|61.58	0.2
61|58	64|61	1.0
61|58	72|61	0.125
61|58	65|61.58	0.428571428571
61|58	60|61.58	1.0
61|58	67|61	0.5
61|58	64|61.58	1.0
129|74	60|129	0.5
129|74	71|129.74	1.0
129|74	68|129	0.413793103448
129|74	69|129	0.125
129|74	72|129.74	0.222222222222
129|74	73|129	0.5
129|74	72|129	0.344827586207
129|74	75|	0.206896551724
129|74	67|129	0.6
129|74	66|129	0.2
129|74	77|129	0.0833333333333
129|74	70|129	0.166666666667
42|37.44	35|42	0.5
42|37.44	37|42	0.5
129|43.129.38.129.36	55|129	1.0
38|37	37|38.37	0.666666666667
38|37	129|38	0.0952380952381
38|37	40|38.37	0.0952380952381
38|37	35|38	0.380952380952
72|74	64|72	0.0769230769231
72|74	69|72	0.0540540540541
72|74	74|72.74	0.25
72|74	67|72	0.454545454545
72|74	70|72	0.153846153846
72|74	74|72	0.75
72|74	65|72	0.153846153846
72|74	66|72	0.153846153846
72|74	71|72	0.675675675676
72|74	70|72.74	0.363636363636
72|74	76|72	0.027027027027
72|74	75|	0.181818181818
72|74	62|72	0.4
72|74	68|72	1.0
72|74	63|72	0.2
72|	67|72	0.217391304348
72|	77|72	0.133333333333
72|	62|72	0.5
72|	69|72	0.0442477876106
72|	73|72	0.333333333333
72|	66|72	1.0
72|	78|72	0.0265486725664
72|	68|72	1.0
72|	74|72	0.304347826087
72|	41|	0.0769230769231
72|	65|72	0.0434782608696
72|	70|72	0.347826086957
72|	64|72	1.0
72|	55|72	1.0
72|	59|	0.05
72|	79|72	1.0
72|	58|72	0.5
72|	60|72	0.25
72|	76|72	0.070796460177
72|	129|72	0.3
72|	81|72	0.333333333333
72|	71|72	0.389380530973
72|	75|	0.0869565217391
72|	63|72	0.142857142857
61|62.57.129.57	59|61	1.0
48|53.129	45|48.53.129	1.0
60|58.56	63|60	0.5
60|58.56	62|60.58.56	1.0
37|32.39.34	34|	1.0
44|29	46|44	1.0
65|60.64	53|65	0.5
65|60.64	62|65	0.5
54|	55|54	0.333333333333
54|	61|54	1.0
54|	59|54	0.6
54|	52|54	0.428571428571
54|	47|54	0.0714285714286
54|	56|54	0.0980392156863
54|	53|54	0.333333333333
54|	57|54	0.277777777778
54|	63|54	0.0714285714286
54|	50|54	0.142857142857
54|	48|	0.0196078431373
54|	129|54	1.0
54|	45|54	1.0
54|	62|54	0.0555555555556
54|	58|54	1.0
54|	51|54	0.0714285714286
54|	49|54	0.254901960784
74|72.70.69	75|74.72.70.69	1.0
74|72.70.69	72|74.72	0.75
63|55	58|63	1.0
63|55	68|63	0.333333333333
63|55	69|63	1.0
63|55	56|63	0.666666666667
67|66.72	69|67.66.72	1.0
30|	26|	0.5
30|	32|30	0.0769230769231
30|	42|30	1.0
30|	35|30	1.0
30|	34|30	1.0
30|	129|30	1.0
30|	37|30	0.825
57|129.57	62|57.129.57	1.0
57|129.57	55|57	0.333333333333
57|129.57	64|57	0.166666666667
60|63.60	65|60	0.75
60|63.60	63|60	0.25
39|24	41|39	1.0
74|76.77	76|74	0.5
74|76.77	72|74.76.77	0.5
73|71.70	71|73	1.0
50|129.55	129|50.129.55	0.8
64|62.64	68|64	0.5
64|62.64	62|64.62	0.5
63|68	60|63.68	1.0
63|68	60|63	0.5
63|68	68|63	0.5
63|68	66|63	1.0
63|68	67|63	1.0
70|65.57	65|70	1.0
37|45	38|37.45	1.0
129|40.129.59	50|129	0.5
129|40.129.59	35|129	0.5
56|53	60|56	0.0714285714286
56|53	55|56.53	1.0
56|53	58|56	0.5
56|53	55|56	0.5
56|53	54|56	0.142857142857
56|53	53|56.53	1.0
56|53	53|56	1.0
67|69.71.66	69|67.69.71	1.0
32|34.30	37|32.34	0.333333333333
32|34.30	30|32.34.30	0.25
62|64.71	69|62	1.0
36|35.40	37|36	0.285714285714
36|35.40	33|36	0.571428571429
36|35.40	31|36	0.142857142857
65|57	62|65	0.166666666667
65|57	57|65	0.166666666667
65|57	70|65.57	1.0
65|57	60|65	0.166666666667
65|57	61|65	1.0
65|57	64|65.57	1.0
65|57	58|65	0.333333333333
58|60.48	57|58.60.48	1.0
39|	38|39	0.5
39|	42|39	1.0
39|	129|39	1.0
39|	53|39	1.0
39|	43|39	0.5
39|	37|	0.125
39|	34|39	0.142857142857
39|	51|	0.0169491525424
39|	27|	0.0169491525424
39|	44|39	0.333333333333
39|	40|39	0.25
39|	32|39	0.0357142857143
39|	46|	0.125
39|	24|39	1.0
39|	50|39	1.0
39|	41|39	0.0769230769231
52|48	51|52	0.0909090909091
52|48	55|52.48	0.5
52|48	38|	0.0909090909091
52|48	55|52	0.454545454545
52|48	53|52.48	0.5
33|53	21|	1.0
50|56	52|50	1.0
51|62	60|51	1.0
69|73.76.74	68|69	1.0
66|129.63	129|66	1.0
35|129.35	129|35.129.35	0.04
57|61.52	59|57.61.52	1.0
63|62.65	70|63	0.5
63|62.65	58|63	0.5
129|61	57|129	0.333333333333
129|61	56|129.61	0.2
129|61	62|129	1.0
129|61	68|129	1.0
129|61	63|129	0.166666666667
129|61	48|129	1.0
129|61	60|129	0.0833333333333
129|61	43|129	1.0
129|61	61|129.61	0.25
129|61	64|129.61	1.0
129|61	52|129	1.0
129|61	65|129	0.375
64|63	71|64	1.0
64|63	67|64	0.125
64|63	69|64	0.125
64|63	66|64	0.125
64|63	65|64.63	0.25
64|63	63|64.63	1.0
64|63	63|64	0.25
64|63	129|64	0.125
64|63	61|64	0.125
64|63	53|64	1.0
64|63	60|64	0.5
41|23	47|41	1.0
129|50.129.55	43|129	0.2
129|50.129.55	50|129.50	0.8
60|62.61	55|60.62	1.0
64|60.65	48|64	1.0
64|62.67	69|64	1.0
40|129	43|40	0.333333333333
40|129	50|40	0.666666666667
35|33.31.26	24|	1.0
41|42.44	44|41	1.0
49|54	53|49	0.25
49|54	42|49	0.416666666667
49|54	50|49	0.166666666667
49|54	54|49.54	0.166666666667
50|55	129|50.55	1.0
50|55	53|50	0.333333333333
50|55	48|50	0.333333333333
50|55	40|50	0.333333333333
54|45	45|54	1.0
54|45	49|54	1.0
63|62	60|63	0.333333333333
63|62	67|63	0.181818181818
63|62	62|63	1.0
63|62	58|63	0.111111111111
63|62	68|63	0.0909090909091
63|62	65|63.62	0.636363636364
63|62	66|63	0.333333333333
63|62	70|63	0.111111111111
63|62	49|	1.0
63|62	57|63	0.111111111111
63|62	72|63	0.111111111111
63|62	64|63	0.0909090909091
63|62	65|63	0.666666666667
41|48.53	48|41	0.833333333333
41|48.53	45|41.48	0.166666666667
62|56	58|62	1.0
62|72	64|62	1.0
62|72	71|62	1.0
62|64.69	60|62	1.0
73|72	69|73	0.5
73|72	74|73	1.0
73|72	75|73	0.5
50|40.45.50	47|50	1.0
72|61	67|72	1.0
53|48.50	41|53.48	1.0
53|48.50	55|53.48	1.0
53|56.51	58|53	1.0
65|67	70|65.67	1.0
65|67	67|65	1.0
65|67	129|65	1.0
65|67	70|65	0.363636363636
65|67	57|65	0.166666666667
65|67	58|65	0.25
65|67	60|65	0.25
65|67	129|65.67	1.0
65|67	62|65	1.0
65|67	69|65	0.166666666667
65|67	64|65	0.5
65|67	81|	0.166666666667
65|67	66|65	0.111111111111
65|67	68|65	0.333333333333
65|67	63|65	1.0
56|55.54	58|56.55	1.0
59|46	48|59	1.0
34|129.34.129.34.129.34.129.41	129|34.129.34.129.34.129.34.129.41	1.0
69|64.57	57|69	0.574468085106
69|64.57	62|69	0.425531914894
67|65.62	68|67	1.0
57|59.61.62	59|57.59	1.0
39|41	38|39.41	0.5
39|41	44|39	0.2
39|41	43|39	1.0
57|58.60.48	56|57	1.0
64|61.63	67|64	1.0
89|	88|89	1.0
38|42	34|38	0.142857142857
38|42	37|38	0.428571428571
38|42	44|38	0.142857142857
38|42	129|38.42	1.0
38|42	35|38	0.285714285714
48|	65|	0.0333333333333
48|	71|	0.015873015873
48|	67|	1.0
48|	54|48	1.0
48|	129|48	0.0333333333333
48|	60|48	0.0666666666667
48|	53|48	0.0333333333333
48|	46|48	0.1
48|	57|48	0.0333333333333
48|	38|48	1.0
48|	45|48	0.183486238532
48|	43|48	0.183486238532
48|	61|48	1.0
48|	52|48	0.6
48|	35|	0.015873015873
48|	47|48	0.1
48|	50|48	0.333333333333
48|	56|48	1.0
48|	59|	0.333333333333
48|	51|48	0.0333333333333
48|	33|48	1.0
48|	49|48	0.0333333333333
48|	55|48	0.25
48|	58|	0.045871559633
48|	44|	0.0625
48|	36|48	0.285714285714
48|	41|48	0.133333333333
48|	40|	0.0333333333333
64|62.57	66|64.62.57	1.0
36|55	39|36	0.4
36|55	24|	0.4
36|55	38|36	0.2
26|	30|26	1.0
26|	45|26	1.0
26|	44|26	1.0
26|	34|26	1.0
26|	43|26	1.0
26|	41|26	1.0
26|	38|26	1.0
26|	31|26	0.142857142857
45|52.45.49	62|45	0.5
45|52.45.49	50|45.52	0.5
65|60.57	69|65	1.0
129|46.129.43	51|129	1.0
49|55	53|49	0.25
49|55	52|49	1.0
49|55	129|49	0.25
49|55	63|49	0.5
64|50	60|64.50	1.0
46|63	62|	1.0
60|58.63	129|60	1.0
49|44	50|49.44	1.0
49|44	41|49	0.333333333333
52|57.52.129	49|52	1.0
55|60.59	53|55	1.0
53|58	56|53	1.0
53|58	58|53	1.0
53|58	129|53	1.0
53|58	49|53	0.333333333333
53|58	50|53	0.666666666667
53|58	54|53.58	1.0
71|78	76|71	0.333333333333
71|78	69|71.78	1.0
38|35	23|38	1.0
38|35	42|38	1.0
67|69.71.72.69	79|67	1.0
70|66	72|70.66	1.0
70|66	66|70	0.25
61|59.61	62|61	0.5
61|59.61	59|61	0.5
72|129.74	70|72	0.777777777778
72|129.74	129|72.129.74	1.0
44|43	46|44	1.0
44|43	35|44	1.0
72|63	68|72	1.0
40|55	38|40	1.0
64|61.64	61|64.61	1.0
52|47	50|52	0.5
52|47	45|52	0.333333333333
52|47	56|52	0.333333333333
52|47	47|52	0.5
42|33	37|42	1.0
49|53	41|49	1.0
49|53	51|49	1.0
49|53	129|49	0.333333333333
49|53	37|49	1.0
49|53	56|49	0.5
49|53	55|49	0.5
49|53	54|49	0.666666666667
61|62.63	62|61	1.0
40|44	45|40	0.75
40|44	44|40	0.25
76|74.83	71|76	1.0
64|60	50|64	0.0909090909091
64|60	67|64	0.272727272727
64|60	56|64	1.0
64|60	48|64	0.0909090909091
64|60	60|64	0.545454545455
48|58	58|	1.0
48|58	46|48	1.0
74|81	72|74	0.25
74|81	73|74	0.75
57|62.69	62|57.62	1.0
60|70	72|60	1.0
76|69	75|76	0.2
76|69	74|76.69	0.6
76|69	69|76	0.2
76|69	67|76	0.6
60|62.58	58|60.62.58	0.5
53|52.53	52|53	0.5
53|52.53	65|53	0.5
53|52.53	55|53	1.0
63|65.68	67|63	1.0
45|	29|45	1.0
45|	54|45	0.0147058823529
45|	35|45	0.16
45|	39|45	0.0147058823529
45|	47|45	0.294117647059
45|	40|45	0.0294117647059
45|	52|45	0.0294117647059
45|	62|45	1.0
45|	129|45	1.0
45|	42|45	0.0882352941176
45|	36|45	1.0
45|	49|45	0.161764705882
45|	44|45	0.147058823529
45|	64|	0.030303030303
45|	46|45	0.030303030303
45|	37|45	1.0
45|	38|45	0.0147058823529
45|	53|	0.166666666667
45|	57|	0.333333333333
45|	33|45	0.0735294117647
45|	41|45	0.0147058823529
45|	50|45	0.0882352941176
45|	48|45	0.415094339623
45|	43|45	1.0
59|57.60	55|59	1.0
47|44	44|47.44	1.0
47|44	52|47	0.5
49|47	42|49	0.285714285714
49|47	50|49	0.380952380952
49|47	54|49.47	1.0
49|47	45|49	0.333333333333
129|41.129.41.129.34.129.29	38|	1.0
61|59.129	59|61	1.0
50|57	129|50	0.428571428571
50|57	52|50	1.0
50|57	60|50	0.428571428571
50|57	59|	0.142857142857
61|59	62|61	0.666666666667
61|59	55|61	1.0
61|59	57|61.59	0.428571428571
61|59	54|61	0.272727272727
61|59	57|61	0.4
61|59	62|61.59	0.222222222222
61|59	59|61	0.6
46|50.46	45|46	1.0
73|70	76|	1.0
41|58	29|41	1.0
72|60	69|72	0.2
72|60	70|72	1.0
72|60	58|72	0.2
72|60	60|72	0.2
72|60	63|72	1.0
129|79	79|129	0.166666666667
129|79	76|129	0.5
129|79	83|	0.166666666667
129|79	67|129	0.166666666667
70|73	63|70	1.0
70|73	68|70	0.5
70|73	72|70	0.5
70|73	129|70	1.0
64|59	71|64.59	1.0
64|59	68|64	0.25
64|59	69|64.59	1.0
41|49	49|41	1.0
41|49	61|41	1.0
62|66	129|62	0.0434782608696
62|66	59|62	1.0
62|66	64|62.66	1.0
62|66	64|62	1.0
62|66	57|62	0.95652173913
36|48	24|	1.0
36|48	41|36	1.0
36|48	31|36	1.0
64|61.57	59|64	0.2
64|61.57	57|64	0.2
64|61.57	61|64.61	0.6
129|46.129.46.129.46.129.46.129.53	51|129	1.0
43|34	41|43	1.0
71|	67|71	0.0630630630631
71|	61|	0.307692307692
71|	64|71	0.00900900900901
71|	76|71	1.0
71|	129|71	1.0
71|	74|71	0.036036036036
71|	68|71	1.0
71|	70|71	0.833333333333
71|	73|71	0.045045045045
71|	69|71	0.351351351351
71|	79|71	1.0
71|	63|71	1.0
71|	66|71	0.00900900900901
71|	78|71	1.0
71|	60|71	1.0
71|	59|71	0.444444444444
71|	77|	1.0
71|	62|71	1.0
71|	65|71	0.00900900900901
71|	72|71	0.378378378378
56|67	64|56	1.0
46|47	36|46	0.5
46|47	55|46	0.5
66|129.69	67|66	1.0
58|56.51	55|58	1.0
59|58.61	58|59.58	0.333333333333
59|58.61	54|59	0.666666666667
57|61.64	59|57.61.64	1.0
49|41	37|49	1.0
65|129	69|65	0.5
65|129	64|65	0.25
65|129	70|65	1.0
65|129	72|65	1.0
65|129	66|65	1.0
65|129	67|65	0.166666666667
65|129	63|65.129	1.0
65|129	129|65.129	1.0
65|129	61|65	0.666666666667
65|129	63|65	0.75
65|129	68|65	0.333333333333
35|34	37|35	0.333333333333
35|34	36|35	1.0
35|34	38|35	0.333333333333
35|34	23|	0.333333333333
35|34	47|35	0.333333333333
35|34	33|35	0.333333333333
46|58	48|46	1.0
56|59.56	59|56	1.0
43|44.39	45|43.44	0.5
43|44.39	37|43	0.5
129|42	57|129	0.0113636363636
129|42	46|129	0.483333333333
129|42	43|129	0.0166666666667
129|42	35|129	0.00454545454545
129|42	40|129	0.690909090909
129|42	42|129.42	0.466666666667
129|42	49|129	0.0333333333333
31|33	33|31	0.333333333333
31|33	36|31	0.666666666667
31|33	44|	0.5
31|33	37|	0.5
129|70.69.129.67	72|129.70	1.0
57|	56|57	0.151515151515
57|	43|57	0.214285714286
57|	129|57	1.0
57|	62|57	0.0909090909091
57|	52|57	0.0909090909091
57|	35|57	1.0
57|	66|57	0.0546448087432
57|	55|57	0.0909090909091
57|	63|57	0.5
57|	51|57	0.015625
57|	47|	0.0714285714286
57|	40|57	1.0
57|	67|57	1.0
57|	54|57	0.0606060606061
57|	45|57	0.333333333333
57|	59|57	0.3125
57|	60|57	0.181818181818
57|	50|57	0.015625
57|	48|57	0.0909090909091
57|	69|57	1.0
57|	41|57	1.0
57|	64|57	0.661971830986
57|	58|57	0.181818181818
57|	61|57	0.056338028169
57|	49|57	1.0
57|	46|	0.05
57|	65|57	0.0588235294118
57|	53|57	0.0606060606061
44|129.44.129.44.129.53	129|44.129.44.129.44.129.53	1.0
37|	34|	0.129032258065
37|	40|37	0.0857142857143
37|	49|37	0.111111111111
37|	51|37	1.0
37|	39|37	0.166666666667
37|	41|37	0.0428571428571
37|	36|37	0.0571428571429
37|	47|	0.0142857142857
37|	38|37	0.333333333333
37|	35|37	0.333333333333
37|	25|	0.107142857143
37|	42|37	0.114285714286
37|	43|37	1.0
37|	129|37	1.0
37|	48|37	0.666666666667
37|	32|	0.642201834862
37|	30|	0.0714285714286
37|	44|37	1.0
37|	33|37	0.2
66|69	73|66	0.333333333333
66|69	69|66	1.0
66|69	129|66	1.0
66|69	71|66	0.333333333333
66|69	62|66.69	0.333333333333
66|69	60|66	0.166666666667
66|69	64|66	0.666666666667
66|69	63|66	0.333333333333
66|69	68|66.69	1.0
66|69	67|66.69	0.333333333333
66|69	69|66.69	1.0
66|69	65|66	1.0
53|64	55|53.64	1.0
65|66	64|65	0.5
65|66	72|65	0.5
65|66	66|65	1.0
65|66	62|65	0.333333333333
65|66	67|65	1.0
65|66	63|65	0.333333333333
129|70	65|129	0.0526315789474
129|70	56|129	1.0
129|70	69|129.70	0.486486486486
129|70	67|129.70	0.202702702703
129|70	72|129.70	0.25
129|70	74|129.70	0.148648648649
129|70	70|129.70	0.5
129|70	72|129	0.315789473684
129|70	75|	0.105263157895
129|70	60|129	0.0526315789474
129|70	70|129	0.5
129|70	67|129	0.5
32|30.129	37|32.30.129	1.0
32|30.129	30|32.30	0.4
74|63	65|74	1.0
129|41.129.34	41|129.41	1.0
53|61	55|53.61	0.5
70|72.74	64|70	1.0
70|72.74	65|70	0.545454545455
70|72.74	72|70.72	0.333333333333
70|72.74	129|70.72	0.181818181818
70|72.74	69|70.72.74	1.0
82|86	75|	1.0
82|86	77|	1.0
42|41	35|42	1.0
42|41	45|42	0.25
42|41	44|42	0.375
42|41	38|42	0.375
66|69.68	62|66.69	1.0
71|69.67	67|71	0.2
71|69.67	62|71	0.266666666667
71|69.67	72|71.69.67	0.25
68|67.64	65|68	1.0
57|60.57	60|57	0.333333333333
57|60.57	63|57	0.666666666667
129|63	60|129	0.333333333333
129|63	56|129	0.5
129|63	61|129	0.515151515152
129|63	62|129	0.258064516129
129|63	66|129.63	1.0
129|63	63|129	0.0606060606061
129|63	53|129	1.0
129|63	58|129	0.030303030303
129|63	65|129	0.0606060606061
129|63	71|129	0.2
70|68.67	73|70	1.0
38|40	37|38	0.666666666667
38|40	36|38	1.0
38|40	43|38	1.0
38|40	40|38	1.0
55|56.59	53|55	1.0
44|129.38	129|44.129.38	1.0
67|129.69.129.70	69|67.129	1.0
64|63.67	67|64	0.5
64|63.67	60|64	0.5
57|55.60	52|57	1.0
51|65	57|51	1.0
70|69.70.69	72|70.69.70.69	1.0
52|62	45|52	1.0
70|56	75|70	1.0
70|129.70	129|70.129.70	1.0
67|61	63|67	0.666666666667
67|61	61|67	0.333333333333
67|61	64|67	1.0
67|61	68|67	1.0
49|54.58	54|49.54	1.0
129|86	83|	1.0
69|67	129|69.67	0.5
69|67	67|69.67	1.0
69|67	67|69	0.333333333333
69|67	63|69	0.333333333333
69|67	73|69	1.0
69|67	70|69	0.571428571429
69|67	66|69	0.333333333333
69|67	62|69	0.285714285714
69|67	65|69	0.5
69|67	70|69.67	1.0
69|67	71|69.67	0.266666666667
69|67	61|69	0.25
69|67	68|69	0.142857142857
69|67	72|69.67	0.0869565217391
69|67	79|	0.0434782608696
69|67	64|69	0.217391304348
69|67	71|69	1.0
58|59.58	59|58	0.666666666667
58|59.58	55|58	0.333333333333
36|46	37|36	1.0
69|66	67|69.66	1.0
69|66	66|69	0.333333333333
69|66	68|69	0.333333333333
69|66	74|69	0.333333333333
69|66	129|69.66	1.0
69|66	64|69	0.5
69|66	65|69	1.0
69|66	72|69	1.0
69|66	71|69	0.666666666667
69|66	67|69	1.0
63|64	60|63	1.0
63|64	61|63	0.6
63|64	66|63	1.0
63|64	70|63	1.0
63|64	67|63	0.285714285714
63|64	65|63	0.2
63|64	64|63	0.2
64|62.66	66|64.62	1.0
62|64.62	129|62	1.0
62|74	67|62	0.333333333333
62|74	60|62	0.666666666667
62|74	72|62	1.0
43|37	37|43	1.0
62|64.66	64|62.64.66	0.2
62|64.66	61|62.64	0.166666666667
70|65.72	64|70	1.0
75|77	74|75	1.0
75|77	72|75	1.0
129|44.129.38	46|129	1.0
129|39	41|	0.0714285714286
129|39	39|	0.571428571429
129|39	34|129	0.285714285714
129|39	46|129	0.0714285714286
129|39	36|	1.0
129|35	57|129	0.119402985075
129|35	40|129.35	1.0
129|35	59|129	0.0298507462687
129|35	35|129.35	1.0
129|35	48|129	0.0149253731343
129|35	49|129	1.0
129|35	50|129	0.089552238806
129|35	47|129	0.0149253731343
36|40	35|36	1.0
36|40	46|36	1.0
31|47	50|31	1.0
29|41	41|29	0.166666666667
29|41	38|29	0.0833333333333
29|41	34|29	0.25
29|41	44|29	0.0833333333333
29|41	45|29	0.416666666667
129|74.129.75	72|129.74.129.75	1.0
23|38	41|23	1.0
54|52.54	50|54	1.0
54|52.54	45|54	0.0841121495327
54|52.54	55|54	0.0654205607477
73|71.64	75|73	1.0
71|65	67|71	1.0
71|65	65|71	1.0
48|34	49|48	1.0
65|61.58	66|65.61.58	1.0
65|61.58	63|65.61.58	1.0
40|57	129|40.57	1.0
62|61.56	64|62.61	1.0
68|62	62|68	1.0
76|74.79	77|76	1.0
66|64.72	63|66	1.0
73|71.69	74|73	1.0
50|52	48|50.52	0.25
50|52	33|	0.5
50|52	48|50	0.5
50|52	49|50	0.285714285714
50|52	46|50	0.25
50|52	54|50	0.142857142857
50|52	52|50.52	0.571428571429
50|52	57|50	0.25
50|52	45|50	0.125
40|42	38|40	1.0
40|42	39|40	1.0
40|42	33|40	1.0
55|59	56|55	1.0
55|59	52|55.59	1.0
55|59	60|55.59	1.0
55|59	59|55	0.25
65|68.65.63	61|65	1.0
27|	46|27	1.0
27|	39|27	1.0
27|	52|27	1.0
40|129.40	129|40.129.40	0.173913043478
76|79	77|76.79	0.333333333333
76|79	74|76.79	0.666666666667
76|79	78|76	1.0
67|66.67.71	72|67.66	1.0
64|72	66|64.72	1.0
61|64.61	59|61.64.61	1.0
61|64.61	64|61.64	0.5
38|44	44|38	1.0
38|44	40|38	1.0
35|38	37|35	0.4
35|38	34|35	0.1
35|38	33|35.38	0.5
129|33	38|	0.875
129|33	33|129	0.125
129|33	40|129	1.0
64|71	66|64	1.0
64|71	68|64	0.2
64|71	62|64.71	1.0
64|71	59|64.71	1.0
64|71	63|64	1.0
38|33	37|38	1.0
38|33	36|38	0.25
38|33	26|	0.5
38|33	31|38	0.25
38|33	45|38	1.0
76|67	74|76	0.5
76|67	67|76	0.5
40|45.50	50|40.45.50	1.0
64|65.59	129|64	1.0
58|56.57	53|58	1.0
63|60.65.63	65|63	1.0
56|63	60|56	0.166666666667
56|63	57|56	1.0
56|63	61|56	0.666666666667
56|63	59|56	0.5
56|63	55|56	0.166666666667
56|63	54|56	0.0555555555556
56|63	129|56	0.0555555555556
56|63	63|56	0.666666666667
60|58.55	55|60	0.666666666667
60|58.55	58|60.58	0.333333333333
60|61.58	129|60	1.0
66|64.67	62|66	1.0
129|41.129.41.129.43	43|129	1.0
57|52	56|57	0.166666666667
57|52	59|57	0.0833333333333
57|52	61|57	0.583333333333
57|52	45|57	0.166666666667
57|52	52|57.52	0.285714285714
57|52	50|57	1.0
57|52	55|57.52	1.0
57|52	54|57	1.0
60|59.58	55|60.59	1.0
72|129.71	75|	1.0
59|54	58|59	0.4
59|54	61|59	0.6
53|55.57.55	55|53.55	1.0
56|49	49|56	1.0
56|49	53|56	1.0
56|49	63|56	1.0
50|60	48|50	1.0
60|48	58|60	1.0
60|48	58|60.48	1.0
60|48	64|60	1.0
60|48	63|60	1.0
67|66.55	65|67	1.0
63|59	67|63	1.0
63|59	71|63	1.0
62|64.57	129|62	1.0
44|129.44.129.53	129|44.129.44.129.53	0.166666666667
70|79	76|	1.0
43|39	39|43	0.5
43|39	31|43	0.5
46|55	52|	1.0
50|45.44	52|50	1.0
80|79	78|80	1.0
80|79	81|80	1.0
35|37	47|35	1.0
35|37	45|	1.0
35|37	33|35	1.0
54|57.61	61|54	1.0
54|52	50|54	0.285714285714
54|52	52|54	0.714285714286
54|52	55|54	1.0
54|52	49|54	1.0
64|59.64	71|64.59	1.0
55|34	54|55	1.0
49|52	52|49	0.333333333333
49|52	45|49.52	1.0
49|52	57|49	0.166666666667
49|52	45|49	0.5
49|52	46|49	0.333333333333
45|49.52	47|45	1.0
42|45	41|42	0.166666666667
42|45	40|42	1.0
42|45	49|42	0.166666666667
42|45	44|42	0.166666666667
42|45	47|42	0.333333333333
42|45	38|42	0.166666666667
40|33	45|40	0.0666666666667
40|33	33|40	0.933333333333
40|33	28|	1.0
59|60	57|59	1.0
59|60	55|59	0.111111111111
59|60	58|59	0.666666666667
59|60	62|59	0.363636363636
59|60	60|59.60	1.0
59|60	65|59	1.0
72|74.72	71|72	1.0
72|74.72	70|72.74.72	1.0
73|75	71|73	1.0
25|40	43|25	1.0
42|	35|42	0.0681818181818
42|	47|42	0.0454545454545
42|	43|42	0.666666666667
42|	129|42	1.0
42|	44|42	0.4
42|	40|42	0.0454545454545
42|	39|	0.0227272727273
42|	49|42	0.0227272727273
42|	37|42	0.2
42|	27|	0.0625
42|	45|42	0.8
42|	54|42	1.0
42|	36|	0.0227272727273
42|	41|42	0.0454545454545
42|	32|	1.0
42|	50|	0.666666666667
42|	38|42	1.0
42|	46|42	0.333333333333
54|50	56|54	1.0
54|50	53|54	1.0
67|58	63|67	0.666666666667
67|58	60|67	0.5
67|58	61|67	0.5
67|58	70|67	1.0
67|58	68|67	0.333333333333
72|74.71.69	69|72	1.0
67|129.66	69|67.129	1.0
67|129.66	129|67	0.5
67|129.66	66|67.129	0.5
55|41	70|	0.5
55|41	57|55.41	1.0
60|65	61|60	0.2
60|65	56|60	0.6
60|65	77|60	0.5
60|65	57|60	0.2
60|65	58|60.65	0.333333333333
60|65	59|60	0.666666666667
60|65	56|60.65	1.0
60|65	64|60.65	0.2
60|65	72|60	0.222222222222
60|65	65|60.65	0.125
60|65	63|60	0.875
43|62	62|	1.0
55|52.48	48|55	1.0
38|50	37|38.50	1.0
38|50	40|38	0.333333333333
129|65.129	67|129	1.0
37|32.30	36|37	0.214285714286
37|32.30	129|37	0.214285714286
37|32.30	32|	0.214285714286
37|32.30	30|	0.285714285714
37|32.30	33|37	0.0714285714286
129|34.129.29	34|129	0.25
129|34.129.29	38|	0.375
129|34.129.29	41|129.34.129.29	1.0
41|46	37|41	0.142857142857
41|46	43|41	0.142857142857
41|46	45|41	0.666666666667
41|46	48|41	0.333333333333
41|46	34|41	0.714285714286
60|59.62	64|60	0.8
60|59.62	58|60	0.2
65|66.65.61.58	66|65	0.25
65|66.65.61.58	63|65.66.65.61.58	1.0
129|64	59|129	0.0833333333333
129|64	66|129	1.0
129|64	63|129	0.0833333333333
129|64	66|129.64	0.2
129|64	64|129	0.333333333333
129|64	67|129	0.0833333333333
50|43	45|50	1.0
60|58	61|60.58	1.0
60|58	58|60	0.166666666667
60|58	55|60	0.142857142857
60|58	65|60	0.666666666667
60|58	57|60.58	0.833333333333
60|58	68|60	0.142857142857
60|58	61|60	0.0833333333333
60|58	62|60	0.166666666667
60|58	57|60	0.166666666667
60|58	67|60	0.142857142857
60|58	72|60	0.0769230769231
60|58	52|60	0.0833333333333
60|58	58|60.58	0.333333333333
60|58	63|60	0.5
60|58	48|60	0.666666666667
60|58	65|60.58	0.307692307692
60|58	63|60.58	1.0
60|58	129|60	0.384615384615
82|81	78|	1.0
129|40	57|129	0.0446650124069
129|40	59|129	0.00744416873449
129|40	38|	0.4
129|40	40|129.40	0.2
129|40	50|129	0.00744416873449
129|40	35|129	0.0694789081886
129|40	37|129	0.4
129|40	42|129.40	1.0
75|74	84|	0.333333333333
75|74	76|75	0.25
75|74	80|75	0.25
75|74	77|75	0.25
75|74	74|75	0.333333333333
75|74	65|75	0.333333333333
75|74	72|75	0.25
37|24	42|37	1.0
129|41.129.41.129.41	34|129.41	1.0
79|78.83	83|79	1.0
31|36	33|31.36	1.0
31|36	36|31	1.0
31|36	32|31	0.333333333333
64|68	67|64	1.0
64|68	59|64.68	1.0
64|68	68|64	1.0
52|45.52.57.52	49|52.45	1.0
129|75	60|129	0.1
129|75	85|	1.0
129|75	74|129.75	1.0
129|75	69|129.75	1.0
129|75	67|129	0.1
38|29	36|38	1.0
52|50.53	45|52	1.0
71|72.79	72|71.72.79	1.0
56|	61|56	1.0
56|	53|56	0.5
56|	62|56	0.5
56|	129|56	0.184210526316
56|	49|56	0.25
56|	57|56	0.0714285714286
56|	58|56	0.5
56|	47|	0.0714285714286
56|	48|56	1.0
56|	50|56	0.0714285714286
56|	54|56	0.0714285714286
56|	59|56	0.0363636363636
56|	65|56	0.157894736842
56|	64|56	1.0
56|	51|56	0.0181818181818
56|	60|56	0.5
56|	44|56	1.0
56|	55|56	0.285714285714
56|	70|56	1.0
56|	68|56	1.0
56|	52|56	0.0727272727273
56|	63|56	0.0652173913043
60|51	53|60	1.0
52|50.41	53|52.50.41	1.0
77|79	75|77.79	1.0
77|79	79|77	0.5
77|79	76|77.79	1.0
77|79	65|77	0.75
77|79	82|77	0.5
58|59.56	57|58	1.0
64|62.61	61|64.62	0.5
64|62.61	66|64.62	0.5
45|46.50	50|45	1.0
64|55	65|64	1.0
64|55	55|64	1.0
38|24	34|38	1.0
63|70	60|63	0.25
63|70	61|63	0.5
63|70	75|63	0.25
63|70	68|63	1.0
63|70	70|63	0.5
63|70	65|63	0.5
129|65.67	62|129.65	1.0
38|36	37|38	0.181818181818
38|36	39|38.36	0.8
38|36	44|38	0.0909090909091
38|36	40|38	0.272727272727
67|129.67	129|67.129.67	1.0
67|129.67	76|67	0.5
67|129.67	129|67	0.5
69|71.67	66|69	1.0
69|71.67	73|69	1.0
53|48.47	48|53.48.47	1.0
47|50	43|47	1.0
47|50	46|47	0.1
47|50	45|47	0.5
47|50	49|47	0.4
61|63.65.129	58|61	0.428571428571
61|63.65.129	129|61	0.571428571429
61|63.61	58|61	0.111111111111
61|63.61	63|61.63.61	1.0
61|63.61	129|61	0.111111111111
61|63.61	60|61.63	0.555555555556
55|53	43|55	0.5
55|53	56|55	0.333333333333
55|53	54|55	0.2
55|53	50|55	0.4
55|53	60|55	0.25
55|53	56|55.53	1.0
55|53	51|55	0.333333333333
55|53	52|55.53	1.0
55|53	57|55	0.333333333333
55|53	53|55.53	0.2
55|53	61|55	0.25
55|53	48|55	0.25
55|53	52|55	0.111111111111
56|44	55|56	1.0
129|62.57	62|129.62	1.0
51|48	53|51	1.0
51|48	50|51	1.0
51|48	55|51	1.0
74|77	76|74.77	1.0
74|77	69|74	0.5
74|77	65|74	1.0
74|77	79|74	1.0
74|77	72|74	1.0
51|56	50|51	1.0
51|56	58|51	1.0
51|56	56|51	1.0
50|62	52|50	0.333333333333
50|62	49|50.62	1.0
50|62	60|50	1.0
69|62	61|69	0.5
69|62	129|69	0.5
69|62	59|69.62	1.0
69|62	72|69	1.0
69|62	71|69	0.5
65|68.70	129|65	0.25
65|68.70	63|65.68	0.75
65|60.58	60|65.60.58	0.666666666667
65|60.58	63|65.60	1.0
65|60.58	61|65	0.166666666667
38|129.43	129|38.129.43	1.0
53|	57|53	0.0277777777778
53|	129|53	1.0
53|	46|53	0.0555555555556
53|	52|53	0.0833333333333
53|	47|53	1.0
53|	56|53	0.111111111111
53|	68|53	0.0344827586207
53|	51|53	0.194444444444
53|	45|	0.0178571428571
53|	38|53	0.333333333333
53|	55|53	0.138888888889
53|	72|	0.0555555555556
53|	62|53	1.0
53|	60|53	0.103448275862
53|	59|53	0.103448275862
53|	27|	0.1
53|	36|53	1.0
53|	48|53	0.0555555555556
53|	41|53	0.0277777777778
53|	50|53	0.0833333333333
53|	65|53	1.0
53|	54|53	0.0833333333333
53|	61|53	0.222222222222
53|	58|53	0.0555555555556
53|	49|53	0.571428571429
53|	33|53	1.0
53|	34|53	1.0
53|	63|	0.117647058824
53|	40|	0.0277777777778
37|30.44	32|37.30	0.25
37|30.44	44|37	0.75
67|63	63|67	0.2
67|63	58|67	0.285714285714
67|63	60|67	0.142857142857
67|63	56|67	0.142857142857
67|63	70|67	0.4
67|63	64|67	0.333333333333
67|63	65|67	0.333333333333
67|63	69|67	0.2
67|63	68|67	1.0
67|63	62|67	0.142857142857
35|33.36	36|35.33.36	1.0
35|42	37|35	1.0
35|42	33|35	1.0
35|42	42|35	0.666666666667
35|42	40|35	0.333333333333
32|39.34	37|32.39.34	1.0
129|69	67|129.69	0.411764705882
129|69	62|129	0.25
129|69	68|129	1.0
129|69	66|129.69	0.25
129|69	69|129.69	0.235294117647
129|69	70|129.69	1.0
129|69	72|129	0.0588235294118
129|69	74|129.69	1.0
43|129	62|	0.25
43|129	46|43	1.0
43|129	47|43	0.75
81|83	85|	1.0
81|83	79|81	1.0
42|30	45|42.30	1.0
53|55	52|53.55	0.5
53|55	56|53	0.5
53|55	50|53	1.0
53|55	58|53	0.25
53|55	58|53.55	1.0
53|55	36|53	0.125
53|55	48|53	0.333333333333
53|55	51|53	0.4
53|55	52|53	0.125
53|55	55|53.55	0.2
53|55	48|53.55	1.0
53|55	46|53	0.2
55|60.62	57|55.60	1.0
69|67.69.71	71|69	0.25
69|67.69.71	72|69.67	0.75
58|56	59|58.56	1.0
58|56	60|58	0.857142857143
58|56	56|58	0.421052631579
58|56	61|58	0.142857142857
58|56	60|58.56	0.473684210526
58|56	129|58	0.105263157895
58|56	64|58	1.0
58|56	55|58	0.0666666666667
58|56	46|58	0.2
57|62.54	52|57	0.5
57|62.54	54|57	0.5
54|51	51|54	0.5
54|51	129|54	0.5
54|51	48|	1.0
68|69.68.73	69|68.69.68.73	1.0
69|64.57.69	62|69	0.833333333333
69|64.57.69	57|69.64.57.69	1.0
59|62	56|59.62	0.285714285714
59|62	60|59.62	0.8
59|62	55|59	0.166666666667
59|62	62|59	1.0
59|62	61|59	0.533333333333
60|62	58|60	0.142857142857
60|62	65|60	0.166666666667
60|62	61|60	0.166666666667
60|62	55|60.62	0.5
60|62	69|60	0.1
60|62	58|60.62	0.333333333333
60|62	62|60	1.0
60|62	57|60	1.0
60|62	70|	0.111111111111
60|62	72|60	0.333333333333
60|62	56|60	1.0
60|62	81|	0.111111111111
60|62	59|60	0.5
60|62	63|60.62	1.0
60|62	62|60.62	0.666666666667
55|53.55	43|55	1.0
55|53.55	53|55.53	0.5
55|53.55	60|55	0.5
65|56	64|65	1.0
65|56	60|65	1.0
65|56	63|65	1.0
57|51	51|57	1.0
57|51	62|57	1.0
45|41.48	46|45	1.0
74|72	129|74.72	0.5
74|72	76|74	0.454545454545
74|72	72|74.72	0.428571428571
74|72	75|74	0.571428571429
74|72	71|74	0.0606060606061
74|72	81|74	0.030303030303
74|72	77|74	0.0606060606061
74|72	67|74	0.121212121212
74|72	70|74	0.75
74|72	69|74	0.151515151515
74|72	72|74	1.0
78|83	91|	1.0
78|83	79|78.83	1.0
69|71	71|69	1.0
69|71	68|69	1.0
69|71	74|69	0.025641025641
69|71	129|69	0.333333333333
69|71	129|69.71	1.0
69|71	68|69.71	1.0
69|71	64|69	0.583333333333
69|71	67|69.71	0.589743589744
69|71	72|69	0.0512820512821
69|71	66|69	0.142857142857
69|71	71|69.71	0.282051282051
69|71	67|69	0.5
57|52.61	45|57	1.0
58|56.58	56|58	0.666666666667
58|56.58	60|58.56	1.0
58|56.58	129|58	0.333333333333
43|48.43	40|43	1.0
65|53	64|65	1.0
129|61.57	52|129	1.0
58|46	53|58	1.0
129|67.129.67	75|	1.0
37|46.41	25|	1.0
72|71.72.79	81|72	1.0
45|42.30	44|45	1.0
62|129.62.129.62	129|62.129.62.129.62	1.0
65|57.65	57|65	0.333333333333
65|57.65	58|65	0.333333333333
65|57.65	62|65	0.333333333333
69|68.71	66|69.68	1.0
60|61.64	59|60.61	0.5
60|61.64	56|60	0.5
70|72.74.72	72|70.72	1.0
70|72.74.72	65|70	0.75
70|72.74.72	129|70.72	0.25
59|58	58|59.58	0.333333333333
59|58	54|59	0.5
59|58	63|59	1.0
59|58	55|59	0.2
59|58	58|59	0.5
59|58	62|59	0.25
59|58	60|59.58	0.2
59|58	67|59	1.0
36|41	37|36	0.0769230769231
36|41	41|36	0.923076923077
35|129.48	129|35.129.48	1.0
72|70.69.70	74|72.70	1.0
62|129.62	61|62.129	1.0
62|129.62	129|62.129.62	1.0
129|67.74	71|129.67.74	1.0
31|43	46|31	0.2
31|43	36|31	0.2
31|43	43|31	0.4
31|43	47|31	0.2
33|31	35|33	1.0
30|129	37|30	0.285714285714
30|129	32|30.129	0.4
57|61.59	56|57	0.285714285714
57|61.59	62|57	0.285714285714
57|61.59	54|57.61	0.428571428571
51|46	53|51	1.0
51|46	48|51	1.0
51|46	58|51	0.5
51|46	56|51	0.25
51|46	38|51	1.0
53|52.60	54|53	1.0
76|72.67	74|76.72.67	1.0
46|27	51|46	1.0
60|	58|60	0.428571428571
60|	55|60	0.0769230769231
60|	65|60	0.25
60|	50|60	0.333333333333
60|	61|60	0.366666666667
60|	68|60	1.0
60|	66|60	0.0204081632653
60|	47|	0.031746031746
60|	69|60	0.05
60|	53|60	0.0714285714286
60|	62|60	0.384615384615
60|	77|60	1.0
60|	57|60	0.214285714286
60|	70|	0.015873015873
60|	46|60	1.0
60|	67|60	1.0
60|	72|60	0.1
60|	52|60	0.0714285714286
60|	63|60	0.111111111111
60|	43|60	1.0
60|	48|60	0.2
60|	56|60	0.222222222222
60|	81|	0.015873015873
60|	59|60	0.214285714286
60|	64|60	0.0212765957447
60|	129|60	0.333333333333
60|	51|60	1.0
58|47	64|58	1.0
55|53.57	52|55	1.0
45|33	49|45	1.0
66|67.66.67	62|66	1.0
76|78	75|76	0.2
76|78	74|76.78	0.6
76|78	78|76.78	0.666666666667
53|129.48	129|53.129.48	1.0
73|66	71|73	1.0
38|43	129|38.43	1.0
38|43	43|38	1.0
69|67.69	71|69	1.0
37|58	40|37	1.0
62|129.65	129|62.129.65	1.0
37|129	129|37	0.2
37|129	38|37	0.6
37|129	47|	0.2
29|41.29	34|29	1.0
64|69.61	67|64.69	1.0
47|43	50|47	1.0
76|74.77	79|76	1.0
47|31	48|47	1.0
69|62.69	62|69	0.0625
69|62.69	60|69	0.9375
53|47	51|53	1.0
63|61.63.61	65|63	1.0
43|129.38.129.43	47|43	1.0
60|59.60	59|60	0.5
60|59.60	72|60	0.5
41|44	44|41	1.0
65|60	70|65	0.0833333333333
65|60	58|65	0.2
65|60	60|65	0.428571428571
65|60	51|65	0.25
65|60	64|65	1.0
65|60	48|65	0.111111111111
65|60	67|65	0.25
65|60	63|65.60	0.266666666667
65|60	62|65	0.111111111111
65|60	53|65	0.0714285714286
65|60	69|65	0.166666666667
65|60	66|65	0.5
65|60	54|	0.222222222222
65|60	61|65	0.733333333333
64|66.67	62|64	1.0
79|78	81|79	0.666666666667
79|78	80|79	1.0
79|78	83|79	0.333333333333
79|78	82|79	1.0
129|41.129.36	29|	1.0
30|35	26|	1.0
62|56.60	58|62	1.0
57|52.51	56|57	1.0
43|	39|43	0.0769230769231
43|	129|43	0.6
43|	52|43	1.0
43|	46|43	0.333333333333
43|	31|43	0.0769230769231
43|	50|43	1.0
43|	42|43	1.0
43|	49|43	1.0
43|	62|	0.166666666667
43|	45|43	0.285714285714
43|	66|	0.111111111111
43|	41|43	0.0980392156863
43|	48|43	0.6
43|	55|43	0.333333333333
43|	32|43	1.0
43|	44|43	0.2
43|	37|43	0.5
43|	38|43	0.2
43|	40|43	0.285714285714
43|	36|43	0.333333333333
43|	47|43	0.2
66|72	67|66.72	1.0
68|66	74|68	0.4
68|66	61|68	1.0
68|66	71|68	0.4
68|66	69|68.66	1.0
65|63.61.58	61|65.63	1.0
48|53.48.47	43|48	1.0
55|64	66|55	1.0
55|64	60|55	1.0
55|64	58|55	1.0
80|75	81|80	1.0
41|53	53|41	1.0
69|76	60|69	1.0
69|76	73|69	1.0
69|76	68|69	0.5
69|76	74|69	0.25
69|76	76|69	0.25
75|74.72.70.69	74|75.74.72.70.69	1.0
48|47	50|48	0.5
48|47	71|	0.25
48|47	49|48.47	1.0
48|47	57|48	1.0
48|47	43|48	1.0
48|47	53|48.47	1.0
48|47	51|48	0.25
48|47	41|48	0.25
48|47	35|	0.25
48|47	52|48.47	1.0
46|48.49	45|46	1.0
81|80	84|	1.0
76|129	74|76	1.0
76|129	73|76	1.0
62|59	67|62	0.5
62|59	71|62	0.25
62|59	69|62	0.5
62|59	68|62	0.25
62|59	59|62	0.666666666667
62|59	61|62	0.166666666667
62|59	65|62	0.166666666667
62|59	64|62	0.25
63|129	129|63	0.142857142857
63|129	64|63	1.0
63|129	65|63	0.857142857143
35|33.40	37|35	1.0
62|58.70	67|62	0.5
62|58.70	72|62	0.5
53|48.41	60|53	1.0
36|45	40|36	1.0
63|60.65.60.58	53|63	1.0
40|49	45|40	1.0
63|66	60|63	0.5
63|66	59|63	1.0
63|66	64|63	1.0
63|66	65|63	1.0
60|63.67	53|60	1.0
22|34.22	40|22	1.0
78|80	79|78	1.0
72|70.69.70.69	65|72	1.0
57|67	62|57	1.0
129|74.71	73|129	1.0
129|54	50|129	1.0
46|129.46.129.46.129.53	129|46.129.46.129.46.129.53	1.0
48|41	47|48	0.5
48|41	58|	0.5
48|41	53|48.41	1.0
48|41	51|48	0.5
48|41	41|48.41	1.0
69|59	71|69.59	1.0
69|59	59|69	1.0
45|40.38	40|45	1.0
64|129	67|64	0.875
64|129	129|64	0.357142857143
64|129	63|64	0.142857142857
64|129	69|64	1.0
64|129	62|64.129	0.428571428571
64|129	71|64	0.125
32|34	30|32.34	0.555555555556
32|34	31|32	1.0
32|34	37|32.34	1.0
35|	24|	0.0212765957447
35|	129|35	1.0
35|	34|35	0.0555555555556
35|	47|35	0.0555555555556
35|	28|35	0.333333333333
35|	30|35	1.0
35|	37|35	0.277777777778
35|	31|	0.25
35|	45|	0.4
35|	40|35	0.166666666667
35|	38|35	0.0555555555556
35|	33|35	0.277777777778
35|	51|	1.0
35|	36|35	0.531914893617
35|	23|	0.130434782609
35|	42|35	1.0
35|	32|	0.571428571429
35|	44|	0.130434782609
56|55.56	58|56	1.0
70|72.70	58|70	1.0
70|72.70	69|70	1.0
129|42.129.40	57|129	0.00327868852459
129|42.129.40	40|129	0.996721311475
55|129.50.129.48	62|55	1.0
65|69	66|65	1.0
65|69	64|65.69	1.0
65|69	70|65	0.333333333333
65|69	70|65.69	0.5
65|69	63|65	0.333333333333
69|67.72	65|69	1.0
49|50.49	52|49	0.222222222222
49|50.49	48|49	0.5
49|50.49	50|49.50.49	1.0
49|50.49	47|49	0.5
66|67.66.62	67|66.67	1.0
75|63	69|75	0.5
75|63	65|75	0.5
60|58.62	57|60.58	1.0
59|57.55	57|59	1.0
66|64.62	67|66.64	0.75
66|64.62	68|66	0.25
38|129.31	129|38.129.31	1.0
66|67.74	62|66	1.0
66|67.74	67|66.67.74	1.0
129|38.129.31	33|129	1.0
69|72.66	74|69	1.0
72|129.77	129|72.129	1.0
40|41	36|40	0.166666666667
40|41	37|	0.5
40|41	38|40	1.0
40|41	39|40	0.333333333333
40|38	45|40	0.642857142857
40|38	35|40	0.333333333333
40|38	33|40	0.0833333333333
40|38	42|40	1.0
40|38	52|40	0.142857142857
40|38	45|40.38	1.0
40|38	28|	0.0833333333333
40|38	38|40	0.0833333333333
40|38	41|40	0.0833333333333
40|38	39|40	0.6
40|38	33|40.38	1.0
48|53.55	60|48	1.0
61|63.61.60	60|61.63	1.0
65|64	67|65	0.666666666667
65|64	72|65	0.5
65|64	129|65	1.0
65|64	70|65	1.0
65|64	67|65.64	1.0
65|64	57|65	0.166666666667
65|64	58|65	0.111111111111
65|64	60|65	0.2
65|64	62|65	0.5
65|64	69|65	0.2
65|64	64|65	0.333333333333
65|64	66|65	0.4
65|64	71|65	0.5
65|64	56|65	0.0833333333333
65|64	63|65	0.0833333333333
65|64	64|65.64	1.0
56|65	60|56	1.0
56|65	64|56	1.0
45|43.44	46|45	1.0
61|56.57	57|61	1.0
33|31.36	35|33.31.36	1.0
57|56	56|57	0.0416666666667
57|56	60|57	1.0
57|56	52|57.56	0.0416666666667
57|56	62|57	0.125
57|56	45|57	0.0416666666667
57|56	59|57.56	0.888888888889
57|56	61|57	0.125
57|56	49|57	0.0833333333333
57|56	46|	0.333333333333
57|56	51|57	0.0416666666667
57|56	47|	0.333333333333
57|56	65|57	1.0
57|56	54|57	0.125
129|42.129.46.129.49	46|129	1.0
66|61	64|66.61	1.0
66|61	69|66.61	1.0
66|61	57|66	1.0
66|61	61|66	0.25
72|74.79	74|72.74	1.0
68|67	63|68	0.5
68|67	62|68	0.5
68|67	72|68	0.25
68|67	129|68	1.0
68|67	65|68	0.5
68|67	67|68	0.625
68|67	70|68.67	0.5
68|67	56|68	0.0714285714286
68|67	64|68	0.125
68|67	69|68.67	1.0
49|48	53|49	0.333333333333
49|48	44|49	0.333333333333
49|48	48|49	0.5
49|48	129|49	1.0
49|48	58|49	0.5
49|48	57|49	0.5
49|48	61|49	0.25
49|48	45|49	0.333333333333
49|48	52|49	0.25
33|28.35	35|33.28.35	1.0
70|69.129.70.129	72|70	1.0
41|22	46|41	1.0
71|64.61	61|	1.0
65|64.56	70|65	1.0
62|54.57	57|62.54	1.0
129|42.129.42	57|129	0.0267857142857
129|42.129.42	42|129.42	0.830357142857
129|42.129.42	43|129	0.0357142857143
129|42.129.42	35|129	0.00892857142857
129|42.129.42	46|129	0.964285714286
69|67.66.67.66	72|69.67	1.0
65|74	72|65	0.333333333333
65|74	67|65	1.0
65|74	74|65	1.0
65|74	63|65	0.333333333333
40|37	34|	0.166666666667
40|37	45|40	0.666666666667
40|37	44|40	0.166666666667
40|37	42|40	0.916666666667
40|37	25|40	0.666666666667
40|37	28|	0.333333333333
40|37	38|40	0.0833333333333
129|65.62	74|129	0.4
129|65.62	65|129.65	0.2
129|65.62	67|129	0.4
129|41.129.41	38|	0.125
129|41.129.41	34|129.41	0.375
129|41.129.41	43|129	0.125
129|41.129.41	41|129.41.129.41	1.0
41|40	37|41	0.4
41|40	50|41	0.2
41|40	43|41	1.0
41|40	55|41	0.2
65|64.69	64|65.64	1.0
67|129.70	70|67	0.666666666667
67|129.70	129|67	0.333333333333
63|62.60.58.56	56|63	1.0
61|67	58|61	0.25
61|67	64|61	1.0
61|67	65|61	1.0
61|67	67|61	0.75
65|60.52	70|65	1.0
81|74	82|81	0.5
81|74	76|81	1.0
81|74	80|81.74	1.0
53|48.49	58|53	0.25
53|48.49	129|53	0.75
33|38	38|33	1.0
33|38	28|	1.0
81|78	76|81	0.666666666667
81|78	86|	0.333333333333
62|71	64|62.71	0.2
50|49.50.49	47|50	1.0
22|38	41|22	1.0
67|66.67	66|67.66.67	1.0
67|66.67	69|67	1.0
129|46.129.46.129.53	46|129.46.129.46.129.53	1.0
29|45	48|29	1.0
79|82	75|	0.5
79|82	70|79	0.5
72|65	65|72	0.5
72|65	70|72	1.0
72|65	76|72	1.0
72|65	63|72	1.0
72|65	74|72	1.0
37|32.30.129	129|37	1.0
58|63	60|58	0.5
58|63	60|58.63	1.0
58|63	61|58	1.0
58|63	129|58	1.0
58|63	65|58	0.5
58|63	62|58.63	0.5
41|57	39|41	1.0
21|	34|21	1.0
43|48	36|43	0.5
43|48	40|43	0.5
43|48	45|43.48	1.0
43|48	48|43	0.5
40|39	44|40	0.2
40|39	129|40	0.4
40|39	37|	0.666666666667
40|39	43|40	0.285714285714
40|39	42|40	0.142857142857
40|39	35|40	0.428571428571
40|39	45|40.39	1.0
40|39	38|40	0.142857142857
40|39	39|40	0.333333333333
51|52	53|51	0.2
51|52	50|51	1.0
51|52	49|51	1.0
51|52	129|51	0.2
51|52	48|51	1.0
51|52	56|51.52	1.0
51|52	55|51	0.4
41|42	37|41	0.0833333333333
41|42	39|41	0.166666666667
41|42	45|41	0.166666666667
41|42	43|41	0.25
41|42	44|41	0.0833333333333
41|42	36|41	0.0833333333333
41|42	29|41	0.166666666667
54|59	62|54.59	1.0
54|59	51|54	1.0
50|49	52|50.49	0.181818181818
50|49	53|50	0.5
50|49	38|50	0.136363636364
50|49	40|50	0.0909090909091
50|49	129|50	0.0952380952381
50|49	61|	1.0
50|49	47|50	0.5
50|49	49|50.49	0.0909090909091
50|49	57|50	0.5
61|	54|61	0.111111111111
61|	64|61	0.0909090909091
61|	69|61	0.0909090909091
61|	60|61	0.272727272727
61|	55|61	0.0952380952381
61|	72|61	1.0
61|	68|61	1.0
61|	38|61	1.0
61|	67|61	0.333333333333
61|	52|61	0.037037037037
61|	63|61	0.333333333333
61|	56|61	0.0126582278481
61|	66|61	0.363636363636
61|	129|61	0.151898734177
61|	53|61	1.0
61|	62|61	1.0
61|	58|61	0.107594936709
61|	49|61	1.0
61|	57|61	0.125
61|	65|61	0.113924050633
61|	70|61	0.0212765957447
61|	51|	0.142857142857
61|	59|61	1.0
56|51.52	53|56	1.0
55|129	53|55	1.0
55|129	50|55	1.0
55|129	51|55	0.5
55|129	54|55	0.5
59|58.56	60|59.58	1.0
60|62.86	81|	1.0
65|71	62|65	1.0
60|129.56	61|60	1.0
41|53.48	45|41	0.666666666667
41|53.48	48|41	0.333333333333
70|62	74|70	0.5
70|62	67|70	0.5
69|67.66.72	71|69.67.66.72	1.0
80|81.74	79|80	1.0
57|63	54|57	1.0
57|63	63|57	0.571428571429
57|63	62|57	0.428571428571
82|	79|82	0.5
82|	84|82	1.0
82|	87|	0.333333333333
82|	78|	0.222222222222
82|	58|	0.333333333333
82|	77|	0.166666666667
82|	76|	0.333333333333
82|	75|	0.111111111111
82|	72|82	1.0
82|	81|82	0.444444444444
53|48.43	41|53.48	1.0
53|48.43	55|53.48	1.0
53|52	52|53.52	0.2
53|52	59|53	0.5
53|52	50|53	0.142857142857
53|52	48|53	0.333333333333
53|52	52|53	0.6
53|52	65|53	0.0833333333333
53|52	54|53	0.2
53|52	41|53.52	0.2
53|52	57|53.52	0.2
53|52	51|53	0.2
53|52	60|53	1.0
53|52	49|53	0.166666666667
53|52	55|53.52	0.5
53|52	55|53	0.5
129|38	41|	1.0
129|38	49|129.38	1.0
129|38	31|	0.0652173913043
129|38	39|	1.0
129|38	38|	0.326086956522
129|38	43|129	0.260869565217
129|38	40|129	0.195652173913
129|38	33|129	0.152173913043
129|38	44|129.38	0.0909090909091
59|57.59	61|59.57.59	1.0
59|57.59	57|59.57.59	0.481481481481
59|57.59	64|59.57.59	0.0125
59|57.59	55|59	0.5
59|57.59	50|59	0.5
56|54	57|56	1.0
56|54	58|56	0.5
56|54	55|56	1.0
56|54	54|56	0.1
56|54	61|56.54	0.5
56|54	57|56.54	0.5
56|54	53|56	0.6
56|54	129|56	0.1
57|49	56|57	1.0
53|60	61|53	1.0
53|60	60|53	0.25
53|60	58|53	1.0
53|60	59|53	0.5
53|60	62|53	0.6
53|60	65|53.60	1.0
53|60	52|53	0.75
53|60	54|53	1.0
53|60	63|	0.4
53|60	56|53.60	1.0
61|48	58|61	1.0
30|44	37|30.44	0.25
71|129.74	129|71.129	1.0
52|50	64|52	0.142857142857
52|50	53|52.50	0.333333333333
52|50	54|52.50	0.428571428571
52|50	48|52	1.0
52|50	55|52.50	1.0
52|50	57|52	0.142857142857
52|50	45|52.50	1.0
72|78	71|72.78	1.0
72|78	74|72	0.333333333333
34|21	41|34	1.0
63|62.60	60|63	1.0
77|80	80|	0.666666666667
77|80	79|77	0.333333333333
81|79	74|81	0.5
81|79	83|	1.0
81|79	79|81	1.0
81|79	84|	0.5
66|65	129|66	0.666666666667
66|65	67|66	0.25
66|65	68|66	0.333333333333
66|65	69|66	0.2
66|65	59|66	0.25
66|65	54|66	1.0
66|65	67|66.65	1.0
66|65	65|66	0.5
68|69.71	69|68.69.71	1.0
48|52	54|48	0.142857142857
48|52	55|48	1.0
48|52	67|	0.333333333333
48|52	129|48	0.142857142857
48|52	50|48	0.333333333333
48|52	53|48	1.0
41|45	43|41	0.4
41|45	45|41	0.2
41|45	29|41	0.4
40|	34|	0.0188679245283
40|	24|	0.0384615384615
40|	50|40	0.0377358490566
40|	48|40	1.0
40|	44|40	0.2
40|	41|40	0.125
40|	45|40	0.264150943396
40|	42|40	0.166666666667
40|	37|	0.192307692308
40|	129|40	0.833333333333
40|	35|40	0.0377358490566
40|	43|40	0.0188679245283
40|	52|40	1.0
40|	36|40	0.333333333333
40|	49|	0.333333333333
40|	39|40	0.875
40|	25|40	1.0
40|	28|	0.121212121212
40|	38|40	0.0377358490566
40|	33|40	0.377358490566
51|54	53|51	1.0
51|54	50|51	0.333333333333
51|54	47|	1.0
51|54	62|	0.666666666667
51|54	43|	1.0
51|54	54|51	1.0
58|60	59|58	0.25
58|60	57|58	0.833333333333
58|60	60|58	0.571428571429
58|60	56|58	0.25
58|60	55|58.60	1.0
58|60	129|58	0.5
58|60	41|58	0.166666666667
58|60	65|58	0.25
58|60	55|58	0.333333333333
71|72.71	74|71	1.0
47|46	50|47	0.333333333333
47|46	55|47	1.0
47|46	59|47	0.333333333333
47|46	49|47	0.333333333333
78|79	79|78.79	0.25
78|79	74|78	0.25
78|79	77|78	1.0
78|79	76|78	0.642857142857
78|79	71|78	0.0714285714286
78|79	129|	0.25
78|79	66|	0.25
47|45.44	44|47	0.888888888889
47|45.44	40|47	0.111111111111
55|50	129|55	0.333333333333
55|50	53|55	1.0
55|50	58|55.50	1.0
55|50	129|55.50	1.0
55|50	52|55	1.0
69|66.69	71|69.66.69	1.0
129|46.129	51|129	1.0
65|64.63	69|65	0.333333333333
65|64.63	58|65	0.333333333333
65|64.63	60|65	0.333333333333
77|79.75	74|77	1.0
58|57.60	55|58	1.0
56|41	50|56	1.0
72|68	73|72	0.25
72|68	67|72	0.25
72|68	65|72	0.5
72|68	70|72	0.5
72|68	74|72.68	1.0
72|68	75|	0.666666666667
72|68	68|72	0.333333333333
63|65.58	129|63	1.0
39|50	51|	1.0
66|67.69	69|66	0.0833333333333
66|67.69	64|66.67	0.5
66|67.69	76|66	0.333333333333
66|67.69	67|66.67	0.0833333333333
66|69.74	73|66	0.5
66|69.74	67|66.69	0.5
41|29	29|41.29	1.0
53|129.50	129|53.129.50	1.0
55|56.60	60|55	1.0
37|30.32.34	36|37	1.0
71|64.59	63|71	1.0
63|64.65	62|63	1.0
62|81	63|62	1.0
36|24	41|36	0.666666666667
36|24	24|	0.333333333333
24|39	43|24	1.0
65|70	69|65	0.5
65|70	68|65.70	0.2
65|70	72|65	0.5
65|70	75|65	0.5
65|70	67|65	0.2
65|70	70|65.70	1.0
65|70	60|65	0.4
65|70	62|65	0.5
129|60	56|129	0.545454545455
129|60	61|129	0.363636363636
129|60	62|129	1.0
129|60	63|129	0.0909090909091
129|60	52|129	1.0
129|60	65|129	1.0
70|74	74|70	0.5
70|74	58|70	0.25
70|74	75|70	0.25
50|	60|50	1.0
50|	48|50	0.212121212121
50|	55|50	1.0
50|	64|50	1.0
50|	51|50	0.333333333333
50|	38|50	0.666666666667
50|	40|50	0.030303030303
50|	33|	0.0588235294118
50|	47|50	0.0606060606061
50|	39|50	1.0
50|	43|50	0.030303030303
50|	129|50	1.0
50|	52|50	0.227272727273
50|	59|	0.0222222222222
50|	46|50	0.0606060606061
50|	62|	1.0
50|	57|50	0.0606060606061
50|	53|50	0.0606060606061
50|	49|50	0.0909090909091
50|	56|	0.025641025641
50|	61|	0.0588235294118
50|	42|	0.030303030303
50|	54|50	0.0227272727273
50|	45|50	0.0454545454545
65|68	62|65	1.0
65|68	67|65	1.0
65|68	63|65.68	0.2
65|68	60|65	0.333333333333
65|68	61|65	0.4
65|68	68|65	0.4
65|68	63|65	0.2
68|65	70|68	0.2
68|65	72|68	0.181818181818
68|65	77|	1.0
68|65	76|	0.142857142857
68|65	71|68	0.333333333333
68|65	66|68	0.8
68|65	59|68	0.428571428571
68|65	65|68	0.818181818182
45|46.45	46|45.46	1.0
34|	33|	0.122448979592
34|	38|34	1.0
34|	43|34	0.25
34|	35|34	0.75
34|	39|34	0.0204081632653
34|	32|34	0.0204081632653
34|	41|34	0.25
34|	36|34	0.142857142857
34|	55|34	1.0
34|	40|34	0.5
34|	37|34	0.333333333333
34|	129|34	1.0
34|	44|	0.0204081632653
34|	48|34	1.0
34|	42|	0.0408163265306
34|	22|	0.244897959184
129|81	84|	1.0
67|129.69	129|67	1.0
71|64	73|71.64	1.0
71|64	69|71.64	0.571428571429
71|64	66|71	0.142857142857
55|53.64	48|55	1.0
57|56.54	51|57	0.5
57|56.54	54|57	0.5
67|69.67	69|67.69	0.117647058824
67|69.67	64|67.69	0.882352941176
55|56.53	53|55	1.0
38|36.35.33.36	39|38.36	1.0
57|48	58|57	1.0
57|48	56|57.48	1.0
38|129.50	129|38.129.50	0.5
54|49.56	47|54	0.5
54|49.56	49|54	0.5
72|74.70	75|	1.0
129|42.129.57	42|129.42	1.0
62|70	60|62	0.5
62|70	63|62	0.5
39|36	24|39	0.666666666667
39|36	38|39.36	0.5
61|63	58|61	0.119402985075
61|63	63|61	0.333333333333
61|63	63|61.63	0.373134328358
61|63	56|61	0.75
61|63	64|61.63	1.0
61|63	64|61	0.5
61|63	65|61	0.0746268656716
61|63	66|61	0.0597014925373
61|63	60|61	0.5
61|63	60|61.63	0.194029850746
61|63	59|61	0.25
61|63	129|61	0.179104477612
46|50	43|46	0.333333333333
46|50	45|46.50	0.333333333333
46|50	44|46	0.333333333333
46|50	49|46	0.5
46|50	50|46	0.5
74|76.79	72|74	1.0
54|53	50|54	0.333333333333
54|53	55|54	0.5
54|53	57|54	0.222222222222
54|53	56|54	0.333333333333
54|53	49|54	0.111111111111
60|61.63	61|60	0.8
60|61.63	61|60.61.63	0.25
60|61.63	58|60	0.153846153846
60|61.63	55|60	0.5
60|61.63	56|60	0.153846153846
60|61.63	72|60	0.5
60|61.63	129|60	0.384615384615
70|69.67	69|70.69	1.0
45|129	50|45	1.0
69|68.67	70|69.68	1.0
53|55.52	55|53.55.52	1.0
50|48	51|50	0.9
50|48	49|50	0.1
50|48	46|50	1.0
52|56	51|52	1.0
52|56	57|52	0.75
52|56	56|52	0.25
52|56	53|52.56	1.0
72|69.72	69|72	1.0
63|72	62|63	0.4
63|72	72|63.72	0.5
63|72	68|63	0.5
63|72	67|63	0.5
63|72	65|63	0.2
57|62	55|57	1.0
57|62	58|57	0.166666666667
57|62	62|57.62	1.0
57|62	62|57	1.0
57|62	64|57	0.846153846154
57|62	60|57	0.5
57|62	54|57	0.5
59|60.64	62|59	1.0
67|72	66|67	1.0
67|72	70|67	1.0
67|72	66|67.72	1.0
67|72	72|67	0.8
67|72	69|67.72	1.0
67|72	62|67	1.0
38|33.28	36|38	1.0
66|63	129|66	0.333333333333
66|63	68|66	0.5
66|63	71|66	0.666666666667
66|63	69|66	0.5
66|63	60|66	1.0
49|47.45	45|49.47.45	1.0
49|47.45	42|49	0.6
49|47.45	50|49	0.1
49|47.45	47|49	1.0
58|129.53	129|58.129.53	1.0
60|58.61	62|60	1.0
64|65.53.60	85|	0.5
64|65.53.60	63|64	0.5
129|88	84|	1.0
38|36.35.33.48	42|38	1.0
41|26	43|41.26	1.0
52|55	51|52.55	1.0
52|55	53|52.55	1.0
52|55	48|52	0.666666666667
52|55	54|52	0.5
52|55	58|52	1.0
52|55	60|52	0.333333333333
59|56	56|59.56	1.0
59|56	61|59	0.75
59|56	60|59	0.25
59|56	58|59.56	1.0
59|56	129|59	0.333333333333
59|56	65|59	0.666666666667
59|56	64|59.56	0.5
59|56	56|59	1.0
129|56.57	57|129	1.0
46|31	48|46	1.0
58|62	57|58	0.222222222222
58|62	60|58	0.5
58|62	60|58.62	1.0
58|62	61|58	1.0
58|62	51|58	1.0
58|62	62|58	0.444444444444
58|62	63|58	1.0
58|62	55|58	0.111111111111
51|	49|51	0.037037037037
51|	58|51	0.047619047619
51|	70|51	1.0
51|	54|51	0.166666666667
51|	66|	0.047619047619
51|	65|51	1.0
51|	50|51	0.37037037037
51|	47|	0.2
51|	45|	0.0526315789474
51|	62|	0.0952380952381
51|	43|	0.0833333333333
51|	38|51	1.0
51|	46|51	0.5
51|	53|51	0.185185185185
51|	39|	0.5
51|	63|51	1.0
51|	56|51	0.037037037037
51|	57|51	0.037037037037
51|	52|51	0.111111111111
51|	129|51	0.25
51|	48|51	0.0740740740741
51|	61|	0.0833333333333
51|	60|51	1.0
51|	44|51	0.75
51|	55|51	0.148148148148
61|62	62|61	0.2
61|62	58|61	0.0833333333333
61|62	66|61	0.0833333333333
61|62	59|61.62	0.0833333333333
61|62	56|61	0.25
61|62	67|61	0.2
61|62	60|61	0.6
61|62	52|61	0.166666666667
31|26	43|31	0.571428571429
31|26	33|31.26	1.0
31|26	38|31	0.285714285714
61|55	58|61	1.0
61|55	55|61	1.0
61|55	65|61	1.0
61|55	60|61	0.333333333333
61|55	53|61	0.666666666667
64|56	65|64.56	1.0
56|51	60|56	0.666666666667
56|51	57|56	1.0
56|51	61|56	0.2
56|51	58|56.51	1.0
56|51	55|56	0.6
56|51	53|56.51	1.0
56|51	53|56	0.25
56|51	65|56	0.4
56|51	129|56	0.2
56|51	48|56	0.333333333333
64|69.73	129|64	1.0
53|48.46	41|53.48.46	1.0
129|52	56|129	1.0
129|52	62|129	1.0
129|52	50|129	1.0
129|52	52|129	1.0
48|51	55|48	0.666666666667
48|51	51|48	1.0
48|51	41|48	0.5
48|51	53|48	0.5
33|40.33.37	50|33	0.5
33|40.33.37	38|33	0.5
35|31	40|35	0.5
35|31	36|35	0.5
35|31	37|35	1.0
129|49.129.38	45|129	1.0
63|65.63	61|63	0.5
63|65.63	62|63	0.25
63|65.63	61|63.65.63	0.142857142857
63|65.63	65|63	0.25
61|60.58	60|61.60	1.0
50|33	49|50.33	1.0
50|38	57|50	1.0
129|69.67	66|129.69	1.0
45|49.47.45	42|45.49	1.0
74|129.70	129|74.129.70	1.0
22|	39|	0.0666666666667
22|	38|22	0.857142857143
22|	34|22	0.333333333333
22|	41|22	1.0
22|	40|22	1.0
68|60	72|68	1.0
68|60	65|68	1.0
68|60	62|68	1.0
34|129.34.129.41	129|34.129.34.129.41	1.0
37|41	39|37	0.5
37|41	25|	0.5
37|41	42|37	0.5
37|41	129|37	0.5
69|72	64|69.72	1.0
69|72	60|69	0.2
69|72	68|69	0.4
69|72	74|69	0.25
69|72	71|69.72	0.333333333333
69|72	70|69.72	0.333333333333
69|72	72|69	0.125
69|72	65|69	0.333333333333
69|72	72|69.72	1.0
69|72	66|69	0.333333333333
69|72	67|69	1.0
69|129.69.71	71|69.129	0.333333333333
69|129.69.71	67|69	0.666666666667
59|61.64.61	129|59	1.0
68|65.70	72|68	0.2
68|65.70	70|68	0.8
86|84	88|	0.75
86|84	129|86	0.125
86|84	82|86	0.125
62|	66|62	0.477777777778
62|	53|62	1.0
62|	63|62	1.0
62|	72|62	0.04
62|	56|62	1.0
62|	67|62	0.133333333333
62|	43|62	1.0
62|	129|62	1.0
62|	52|62	1.0
62|	59|62	0.340909090909
62|	60|62	0.363636363636
62|	55|62	0.375
62|	64|62	0.869565217391
62|	71|62	1.0
62|	51|62	1.0
62|	68|62	1.0
62|	58|62	0.0909090909091
62|	61|62	0.181818181818
62|	65|62	0.0909090909091
62|	70|62	0.5
62|	50|62	0.0909090909091
62|	69|62	0.0888888888889
62|	48|62	1.0
62|	46|62	0.5
62|	57|62	0.181818181818
67|57	65|67	1.0
129|74.69	72|129	1.0
32|31	37|32.31	1.0
64|69.72	69|64.69.72	1.0
37|38.50	40|37	1.0
50|46	53|50	1.0
50|46	129|50	0.25
50|46	46|50.46	1.0
50|46	55|50	0.5
50|46	42|	1.0
129|50.55	50|129.50.55	1.0
41|129.43	129|41.129.43	0.5
41|43	40|41	0.8
41|43	39|41	0.2
41|43	129|41	1.0
50|49.57	129|50	1.0
47|55	54|47	1.0
129|34.129.34.129.41	34|129.34.129.34.129.41	1.0
58|62.60	60|58.62	1.0
30|37.32.34	34|30	1.0
72|75	70|72	1.0
72|75	74|72.75	1.0
72|75	77|72	1.0
72|75	75|	0.5
72|75	74|72	1.0
71|69.74	69|71.69	1.0
83|	82|	1.0
83|	76|83	1.0
83|	86|	0.333333333333
83|	74|83	1.0
83|	78|83	0.166666666667
83|	81|83	0.333333333333
83|	91|	0.5
83|	129|	0.25
66|64.66.61	68|66	1.0
51|58	65|51	1.0
51|58	66|	0.5
51|58	50|51	1.0
51|58	63|51	0.5
51|58	56|51	0.5
51|58	53|51	0.5
77|78	76|77	1.0
45|46.48	43|45	1.0
57|52.45	52|57.52.45	1.0
57|52.45	56|57	0.5
65|64.67	69|65	0.666666666667
65|64.67	64|65	1.0
65|64.67	67|65	0.333333333333
72|66	69|72.66	1.0
129|34.129.34.129.34.129.41	34|129.34.129.34.129.34.129.41	1.0
39|43	38|39	0.5
39|43	44|39	0.5
46|43	52|	0.5
46|43	50|46	0.5
46|43	48|46	1.0
46|43	41|46	1.0
38|39.38	33|38	0.5
38|39.38	39|38.39	0.5
53|52.56	49|53	1.0
50|47	43|50	1.0
50|47	53|50	0.5
50|47	129|50	0.5
50|47	47|50.47	1.0
50|47	55|50	1.0
50|47	54|50	1.0
69|129.69	62|69	1.0
69|129.69	71|69.129	0.285714285714
69|129.69	74|69.129	0.285714285714
69|129.69	129|69.129.69	1.0
69|129.69	67|69	0.285714285714
91|	90|91	0.666666666667
38|129.36	129|38.129.36	1.0
42|44	39|	0.5
42|44	41|42.44	0.5
66|60	63|66	1.0
74|72.68	71|74	1.0
49|129.51	129|49.129.51	1.0
70|58	58|70	0.428571428571
70|58	60|70	0.142857142857
70|58	65|70	0.142857142857
70|58	62|70	0.285714285714
33|35	40|33	0.111111111111
33|35	37|33.35	1.0
33|35	35|33	0.555555555556
33|35	31|33	0.333333333333
61|52	57|61.52	1.0
41|	50|41	0.125
41|	38|	1.0
41|	44|41	0.333333333333
41|	29|41	0.25
41|	55|41	0.5
41|	49|41	1.0
41|	40|41	0.375
41|	37|41	0.181818181818
41|	56|41	1.0
41|	26|41	0.5
41|	129|41	0.125
41|	36|41	0.0769230769231
41|	57|	0.0416666666667
41|	48|41	0.25641025641
41|	47|41	1.0
41|	34|41	0.1
41|	43|41	0.166666666667
41|	46|41	0.333333333333
41|	53|41	0.282051282051
41|	42|41	0.25
41|	39|41	0.357142857143
41|	45|41	0.333333333333
41|	61|41	1.0
77|60	65|77	1.0
72|81	74|72.81	1.0
72|81	74|72	1.0
43|129.38.129.36	129|43.129.38.129.36	1.0
45|52.54	47|45	1.0
68|76	66|68	1.0
64|61.58	61|64	0.5
64|61.58	62|64	0.5
74|72.70	75|74	0.75
74|72.70	76|74	0.25
70|69	60|70	0.03125
70|69	72|70	0.166666666667
70|69	69|70.69	0.166666666667
70|69	72|70.69	0.8
70|69	71|70	1.0
70|69	55|70	0.75
70|69	79|	1.0
70|69	67|70	0.25
70|69	129|70.69	0.2
70|69	65|70	0.0769230769231
70|69	68|70	0.333333333333
70|69	66|70	0.0625
70|69	69|70	0.25
129|71	72|129.71	1.0
129|71	74|129	0.666666666667
129|71	67|129	0.333333333333
33|48	35|33.48	1.0
50|39	39|50	1.0
66|129.66	69|66	1.0
77|129	74|77	1.0
56|57	129|56.57	0.0833333333333
56|57	51|56	0.0833333333333
56|57	54|56	0.0833333333333
56|57	58|56.57	1.0
56|57	57|56.57	0.333333333333
56|57	61|56.57	1.0
77|58	65|77	1.0
62|129	61|62.129	1.0
62|129	58|62	1.0
62|129	64|62	1.0
38|34	22|38	1.0
71|70	73|71.70	1.0
71|70	72|71	1.0
40|33.37	33|40.33.37	0.5
69|71.66	67|69.71.66	1.0
74|129.75	129|74.129.75	1.0
42|129.42	129|42.129.42	1.0
61|62.64	58|61	0.333333333333
61|62.64	56|61	0.666666666667
47|49	49|47.49	1.0
63|69	60|63	1.0
60|66	69|60	1.0
60|66	57|60	1.0
129|62.129.65	60|129	1.0
38|48	40|38.48	1.0
68|67.65.63	72|68	1.0
41|34	40|41	0.25
41|34	34|41	0.75
58|67	64|58	1.0
58|67	55|58	1.0
40|47	49|	1.0
40|47	43|40	1.0
40|47	35|40	1.0
56|61	60|56	0.2
56|61	49|56	0.2
56|61	61|56	0.272727272727
56|61	59|56	1.0
56|61	57|56.61	1.0
56|61	55|56	1.0
56|61	129|56.61	0.75
56|61	54|56	0.477272727273
56|61	51|56	1.0
56|61	58|56.61	1.0
56|61	53|56	0.2
56|61	65|56	0.0227272727273
56|61	63|56	1.0
78|76	76|78.76	0.666666666667
78|76	74|78	0.05
78|76	81|78	0.05
78|76	79|78	0.6
53|55.57.50	52|53.55	1.0
57|52.129	52|57.52.129	1.0
57|52.129	61|57	0.5
48|49	46|48.49	1.0
48|49	47|48	0.25
48|49	49|48	0.285714285714
48|49	56|48	0.5
48|49	53|48.49	1.0
48|49	129|48	0.25
48|49	50|48	0.5
48|49	41|48	1.0
68|44	44|	0.666666666667
68|44	48|	0.166666666667
68|44	51|	0.166666666667
64|69	67|64	1.0
64|69	69|64	0.95652173913
64|69	68|64	1.0
64|69	67|64.69	1.0
64|69	66|64.69	0.4
64|69	65|64.69	1.0
64|69	129|64	1.0
64|69	62|64.69	1.0
46|45.43.48	47|46	1.0
46|129.53.129.53.129.50	129|46.129.53.129.53.129.50	1.0
45|44.45	33|45	0.142857142857
45|44.45	47|45.44	0.428571428571
45|44.45	40|45	0.142857142857
45|44.45	37|45	0.285714285714
41|36	43|41	0.235294117647
41|36	50|41	1.0
41|36	39|41	0.0588235294118
41|36	45|41	0.235294117647
41|36	34|41	0.117647058824
41|36	57|	0.5
41|36	29|41	0.352941176471
129|74.72	77|129	0.5
129|74.72	70|129	0.5
62|57.60	72|62	1.0
77|76	76|77	0.333333333333
77|76	78|77	1.0
77|76	129|77	0.333333333333
77|76	75|77	0.333333333333
61|62.64.129	62|61	0.666666666667
61|62.64.129	129|61	0.333333333333
50|36	51|50	1.0
26|41	45|26	0.5
26|41	44|26	0.5
59|61.62	57|59.61.62	1.0
46|129.49	129|46.129.49	1.0
59|60.56	58|59.60.56	0.666666666667
59|60.56	55|59	1.0
45|52.57.52	52|45.52.57.52	1.0
58|59.60.56	65|58	0.333333333333
58|59.60.56	56|58.59	0.666666666667
66|64	76|66	0.0588235294118
66|64	63|66	0.117647058824
66|64	64|66	0.0588235294118
66|64	129|66	0.25
66|64	71|66	0.117647058824
66|64	67|66.64	0.294117647059
66|64	59|66	0.333333333333
66|64	68|66	0.0588235294118
66|64	74|66	0.0588235294118
66|64	69|66	0.117647058824
66|64	62|66	0.117647058824
59|69	62|59	0.181818181818
59|69	67|59	1.0
59|69	64|59	0.818181818182
57|65	65|57.65	0.333333333333
57|65	56|57	0.5
57|65	64|57	0.5
69|66.61	68|69	1.0
46|36	48|46	1.0
61|62.61	59|61.62	0.5
61|62.61	60|61	0.5
58|61	56|58	0.571428571429
58|61	129|58	0.352941176471
58|61	64|58	0.25
58|61	52|58	0.142857142857
58|61	60|58.61	0.25
58|61	55|58	0.666666666667
58|61	59|58.61	1.0
58|61	61|58	0.470588235294
58|61	51|58	1.0
58|61	53|58	0.333333333333
58|61	67|58	0.5
58|61	56|58.61	0.176470588235
69|70.129	67|69	1.0
38|43.38	45|38	1.0
40|25	42|40	1.0
129|46.129.53	50|129	0.2
129|46.129.53	46|129.46.129.53	1.0
129|46.129.53	55|129	0.2
65|61	129|65	0.166666666667
65|61	67|65	0.5
65|61	68|65.61	0.5
65|61	56|65	0.25
65|61	61|65	0.25
65|61	68|65	0.5
65|61	63|65	0.666666666667
62|61.59	61|62.61	0.222222222222
62|61.59	59|62.61.59	1.0
33|40	35|33.40	1.0
34|46	41|34	1.0
79|71	78|79	1.0
39|38	41|39.38	1.0
39|38	42|39	0.285714285714
39|38	34|39	0.428571428571
39|38	38|39.38	0.5
39|38	40|39	0.0714285714286
68|71	69|68.71	1.0
69|129.67	129|69.129.67	1.0
69|129.67	70|69.129.67	1.0
129|57	53|129	1.0
129|57	62|129	0.2
129|57	38|	0.428571428571
129|57	51|129	0.142857142857
129|57	49|129	0.428571428571
129|57	42|129.57	1.0
129|57	50|129	0.0322580645161
129|57	35|129	0.0322580645161
129|57	64|129	0.1
129|57	40|129	0.774193548387
129|57	66|129	0.1
129|57	57|129.57	0.333333333333
129|38.129.36	43|129.38.129.36	1.0
60|57.58	53|60	0.333333333333
60|57.58	59|60	0.666666666667
49|56	56|49	0.75
49|56	54|49.56	0.5
41|37	46|41	1.0
129|44.129.44.129.53	46|129	0.166666666667
129|44.129.44.129.53	44|129.44.129.44.129.53	1.0
60|55.59	52|60	1.0
42|40	41|42	0.333333333333
42|40	40|42	0.333333333333
42|40	37|42	0.666666666667
42|40	38|42	0.666666666667
40|50	33|40	1.0
64|62.64.65	68|64	0.5
64|62.64.65	62|64.62	0.5
66|67.64	67|66.67	1.0
60|67	56|60	0.5
60|67	67|60.67	1.0
60|67	65|60	1.0
60|67	69|60	1.0
60|67	72|60	1.0
63|65.61.58	61|63.65.61.58	1.0
76|71	69|76	1.0
55|57.52	52|55	1.0
63|71	59|63	1.0
36|35	42|36	0.25
36|35	43|36	0.25
36|35	129|36	1.0
36|35	34|36	0.25
36|35	50|36	0.25
23|	38|23	1.0
23|	41|23	1.0
23|	36|23	1.0
59|57.56	52|59	0.111111111111
59|57.56	56|59	0.888888888889
69|71.69	73|69	1.0
69|71.69	64|69	1.0
56|58.59	60|56	1.0
31|32	40|	1.0
59|63	58|59	0.5
59|63	63|59	1.0
59|63	56|59	1.0
48|37	41|48	0.5
48|37	49|48	0.5
48|37	53|48	1.0
90|91	129|	0.666666666667
90|91	86|	0.333333333333
54|66	63|54	1.0
67|66.65	68|67	0.75
67|66.65	57|67	0.25
129|59	57|129	0.0123456790123
129|59	60|129	1.0
129|59	59|129	0.969135802469
129|59	62|129	1.0
129|59	40|129.59	1.0
129|59	35|129	0.00617283950617
129|59	64|129	0.333333333333
129|59	66|129.59	1.0
41|39	36|41	0.846153846154
41|39	44|41	0.0769230769231
41|39	43|41.39	1.0
63|	71|63	0.2
63|	46|63	1.0
63|	54|63	1.0
63|	74|63	1.0
63|	61|63	0.2
63|	75|63	0.5
63|	53|63	0.0833333333333
63|	58|63	0.031007751938
63|	68|63	0.333333333333
63|	51|63	1.0
63|	66|63	0.0416666666667
63|	49|	0.142857142857
63|	57|63	0.0285714285714
63|	64|63	0.6
63|	55|63	0.0416666666667
63|	62|63	0.277777777778
63|	60|63	0.222222222222
63|	59|63	0.5
63|	129|63	0.255813953488
63|	69|63	0.0555555555556
63|	67|63	0.0416666666667
63|	70|63	0.25
63|	72|63	1.0
63|	56|63	0.166666666667
63|	65|63	1.0
46|42	129|46	1.0
46|42	44|46	1.0
